/*--------------------------------*- C++ -*----------------------------------*\
| =========                 |                                                 |
| \\      /  F ield         | OpenFOAM: The Open Source CFD Toolbox           |
|  \\    /   O peration     | Version:  2406                                  |
|   \\  /    A nd           | Website:  www.openfoam.com                      |
|    \\/     M anipulation  |                                                 |
\*---------------------------------------------------------------------------*/
FoamFile
{
    version     2.0;
    format      ascii;
    arch        "LSB;label=32;scalar=64";
    note        "nPoints:18346  nCells:8960  nFaces:36052  nInternalFaces:17708";
    class       labelList;
    location    "constant/polyMesh";
    object      neighbour;
}
// * * * * * * * * * * * * * * * * * * * * * * * * * * * * * * * * * * * * * //


17708
(
1
20
2
21
3
22
4
23
5
24
6
25
7
26
8
27
9
28
10
29
11
30
12
31
13
32
14
33
15
34
16
35
17
36
18
37
19
38
39
320
21
40
22
41
23
42
24
43
25
44
26
45
27
46
28
47
29
48
30
49
31
50
32
51
33
52
34
53
35
54
36
55
37
56
38
57
39
58
59
363
41
60
42
61
43
62
44
63
45
64
46
65
47
66
48
67
49
68
50
69
51
70
52
71
53
72
54
73
55
74
56
75
57
76
58
77
59
78
79
406
61
80
62
81
63
82
64
83
65
84
66
85
67
86
68
87
69
88
70
89
71
90
72
91
73
92
74
93
75
94
76
95
77
96
78
97
79
98
99
449
81
100
82
101
83
102
84
103
85
104
86
105
87
106
88
107
89
108
90
109
91
110
92
111
93
112
94
113
95
114
96
115
97
116
98
117
99
118
119
492
101
120
102
121
103
122
104
123
105
124
106
125
107
126
108
127
109
128
110
129
111
130
112
131
113
132
114
133
115
134
116
135
117
136
118
137
119
138
139
535
121
140
122
141
123
142
124
143
125
144
126
145
127
146
128
147
129
148
130
149
131
150
132
151
133
152
134
153
135
154
136
155
137
156
138
157
139
158
159
578
141
160
142
161
143
162
144
163
145
164
146
165
147
166
148
167
149
168
150
169
151
170
152
171
153
172
154
173
155
174
156
175
157
176
158
177
159
178
179
621
161
180
162
181
163
182
164
183
165
184
166
185
167
186
168
187
169
188
170
189
171
190
172
191
173
192
174
193
175
194
176
195
177
196
178
197
179
198
199
664
181
200
182
201
183
202
184
203
185
204
186
205
187
206
188
207
189
208
190
209
191
210
192
211
193
212
194
213
195
214
196
215
197
216
198
217
199
218
219
707
201
220
202
221
203
222
204
223
205
224
206
225
207
226
208
227
209
228
210
229
211
230
212
231
213
232
214
233
215
234
216
235
217
236
218
237
219
238
239
750
221
240
222
241
223
242
224
243
225
244
226
245
227
246
228
247
229
248
230
249
231
250
232
251
233
252
234
253
235
254
236
255
237
256
238
257
239
258
259
793
241
260
242
261
243
262
244
263
245
264
246
265
247
266
248
267
249
268
250
269
251
270
252
271
253
272
254
273
255
274
256
275
257
276
258
277
259
278
279
836
261
280
262
281
263
282
264
283
265
284
266
285
267
286
268
287
269
288
270
289
271
290
272
291
273
292
274
293
275
294
276
295
277
296
278
297
279
298
299
879
281
300
282
301
283
302
284
303
285
304
286
305
287
306
288
307
289
308
290
309
291
310
292
311
293
312
294
313
295
314
296
315
297
316
298
317
299
318
319
922
301
302
303
304
305
306
307
308
309
310
311
312
313
314
315
316
317
318
319
965
321
363
322
364
323
365
324
366
325
367
326
368
327
369
328
370
329
371
330
372
331
373
332
374
333
375
334
376
335
377
336
378
337
379
338
380
339
381
340
382
341
383
342
384
343
385
344
386
345
387
346
388
347
389
348
390
349
391
350
392
351
393
352
394
353
395
354
396
355
397
356
398
357
399
358
400
359
401
360
402
361
403
362
404
405
5480
364
406
365
407
366
408
367
409
368
410
369
411
370
412
371
413
372
414
373
415
374
416
375
417
376
418
377
419
378
420
379
421
380
422
381
423
382
424
383
425
384
426
385
427
386
428
387
429
388
430
389
431
390
432
391
433
392
434
393
435
394
436
395
437
396
438
397
439
398
440
399
441
400
442
401
443
402
444
403
445
404
446
405
447
448
5509
407
449
408
450
409
451
410
452
411
453
412
454
413
455
414
456
415
457
416
458
417
459
418
460
419
461
420
462
421
463
422
464
423
465
424
466
425
467
426
468
427
469
428
470
429
471
430
472
431
473
432
474
433
475
434
476
435
477
436
478
437
479
438
480
439
481
440
482
441
483
442
484
443
485
444
486
445
487
446
488
447
489
448
490
491
5538
450
492
451
493
452
494
453
495
454
496
455
497
456
498
457
499
458
500
459
501
460
502
461
503
462
504
463
505
464
506
465
507
466
508
467
509
468
510
469
511
470
512
471
513
472
514
473
515
474
516
475
517
476
518
477
519
478
520
479
521
480
522
481
523
482
524
483
525
484
526
485
527
486
528
487
529
488
530
489
531
490
532
491
533
534
5567
493
535
494
536
495
537
496
538
497
539
498
540
499
541
500
542
501
543
502
544
503
545
504
546
505
547
506
548
507
549
508
550
509
551
510
552
511
553
512
554
513
555
514
556
515
557
516
558
517
559
518
560
519
561
520
562
521
563
522
564
523
565
524
566
525
567
526
568
527
569
528
570
529
571
530
572
531
573
532
574
533
575
534
576
577
5596
536
578
537
579
538
580
539
581
540
582
541
583
542
584
543
585
544
586
545
587
546
588
547
589
548
590
549
591
550
592
551
593
552
594
553
595
554
596
555
597
556
598
557
599
558
600
559
601
560
602
561
603
562
604
563
605
564
606
565
607
566
608
567
609
568
610
569
611
570
612
571
613
572
614
573
615
574
616
575
617
576
618
577
619
620
5625
579
621
580
622
581
623
582
624
583
625
584
626
585
627
586
628
587
629
588
630
589
631
590
632
591
633
592
634
593
635
594
636
595
637
596
638
597
639
598
640
599
641
600
642
601
643
602
644
603
645
604
646
605
647
606
648
607
649
608
650
609
651
610
652
611
653
612
654
613
655
614
656
615
657
616
658
617
659
618
660
619
661
620
662
663
5654
622
664
623
665
624
666
625
667
626
668
627
669
628
670
629
671
630
672
631
673
632
674
633
675
634
676
635
677
636
678
637
679
638
680
639
681
640
682
641
683
642
684
643
685
644
686
645
687
646
688
647
689
648
690
649
691
650
692
651
693
652
694
653
695
654
696
655
697
656
698
657
699
658
700
659
701
660
702
661
703
662
704
663
705
706
5683
665
707
666
708
667
709
668
710
669
711
670
712
671
713
672
714
673
715
674
716
675
717
676
718
677
719
678
720
679
721
680
722
681
723
682
724
683
725
684
726
685
727
686
728
687
729
688
730
689
731
690
732
691
733
692
734
693
735
694
736
695
737
696
738
697
739
698
740
699
741
700
742
701
743
702
744
703
745
704
746
705
747
706
748
749
5712
708
750
709
751
710
752
711
753
712
754
713
755
714
756
715
757
716
758
717
759
718
760
719
761
720
762
721
763
722
764
723
765
724
766
725
767
726
768
727
769
728
770
729
771
730
772
731
773
732
774
733
775
734
776
735
777
736
778
737
779
738
780
739
781
740
782
741
783
742
784
743
785
744
786
745
787
746
788
747
789
748
790
749
791
792
5741
751
793
752
794
753
795
754
796
755
797
756
798
757
799
758
800
759
801
760
802
761
803
762
804
763
805
764
806
765
807
766
808
767
809
768
810
769
811
770
812
771
813
772
814
773
815
774
816
775
817
776
818
777
819
778
820
779
821
780
822
781
823
782
824
783
825
784
826
785
827
786
828
787
829
788
830
789
831
790
832
791
833
792
834
835
5770
794
836
795
837
796
838
797
839
798
840
799
841
800
842
801
843
802
844
803
845
804
846
805
847
806
848
807
849
808
850
809
851
810
852
811
853
812
854
813
855
814
856
815
857
816
858
817
859
818
860
819
861
820
862
821
863
822
864
823
865
824
866
825
867
826
868
827
869
828
870
829
871
830
872
831
873
832
874
833
875
834
876
835
877
878
5799
837
879
838
880
839
881
840
882
841
883
842
884
843
885
844
886
845
887
846
888
847
889
848
890
849
891
850
892
851
893
852
894
853
895
854
896
855
897
856
898
857
899
858
900
859
901
860
902
861
903
862
904
863
905
864
906
865
907
866
908
867
909
868
910
869
911
870
912
871
913
872
914
873
915
874
916
875
917
876
918
877
919
878
920
921
5828
880
922
881
923
882
924
883
925
884
926
885
927
886
928
887
929
888
930
889
931
890
932
891
933
892
934
893
935
894
936
895
937
896
938
897
939
898
940
899
941
900
942
901
943
902
944
903
945
904
946
905
947
906
948
907
949
908
950
909
951
910
952
911
953
912
954
913
955
914
956
915
957
916
958
917
959
918
960
919
961
920
962
921
963
964
5857
923
965
924
966
925
967
926
968
927
969
928
970
929
971
930
972
931
973
932
974
933
975
934
976
935
977
936
978
937
979
938
980
939
981
940
982
941
983
942
984
943
985
944
986
945
987
946
988
947
989
948
990
949
991
950
992
951
993
952
994
953
995
954
996
955
997
956
998
957
999
958
1000
959
1001
960
1002
961
1003
962
1004
963
1005
964
1006
1007
5886
966
1008
967
1009
968
1010
969
1011
970
1012
971
1013
972
1014
973
1015
974
1016
975
1017
976
1018
977
1019
978
1020
979
1021
980
1022
981
1023
982
1024
983
1025
984
1026
985
1027
986
1028
987
1029
988
1030
989
1031
990
1032
991
1033
992
1034
993
1035
994
1036
995
1037
996
1038
997
1039
998
1040
999
1041
1000
1042
1001
1043
1002
1044
1003
1045
1004
1046
1005
1047
1006
1048
1007
1049
1050
5915
1009
1051
1010
1052
1011
1053
1012
1054
1013
1055
1014
1056
1015
1057
1016
1058
1017
1059
1018
1060
1019
1061
1020
1062
1021
1063
1022
1064
1023
1065
1024
1066
1025
1067
1026
1068
1027
1069
1028
1070
1029
1071
1030
1072
1031
1073
1032
1074
1033
1075
1034
1076
1035
1077
1036
1078
1037
1079
1038
1080
1039
1081
1040
1082
1041
1083
1042
1084
1043
1085
1044
1086
1045
1087
1046
1088
1047
1089
1048
1090
1049
1091
1050
1092
1093
5944
1052
1094
1053
1095
1054
1096
1055
1097
1056
1098
1057
1099
1058
1100
1059
1101
1060
1102
1061
1103
1062
1104
1063
1105
1064
1106
1065
1107
1066
1108
1067
1109
1068
1110
1069
1111
1070
1112
1071
1113
1072
1114
1073
1115
1074
1116
1075
1117
1076
1118
1077
1119
1078
1120
1079
1121
1080
1122
1081
1123
1082
1124
1083
1125
1084
1126
1085
1127
1086
1128
1087
1129
1088
1130
1089
1131
1090
1132
1091
1133
1092
1134
1093
1135
1136
5973
1095
1137
1096
1138
1097
1139
1098
1140
1099
1141
1100
1142
1101
1143
1102
1144
1103
1145
1104
1146
1105
1147
1106
1148
1107
1149
1108
1150
1109
1151
1110
1152
1111
1153
1112
1154
1113
1155
1114
1156
1115
1157
1116
1158
1117
1159
1118
1160
1119
1161
1120
1162
1121
1163
1122
1164
1123
1165
1124
1166
1125
1167
1126
1168
1127
1169
1128
1170
1129
1171
1130
1172
1131
1173
1132
1174
1133
1175
1134
1176
1135
1177
1136
1178
1179
6002
1138
1180
1139
1181
1140
1182
1141
1183
1142
1184
1143
1185
1144
1186
1145
1187
1146
1188
1147
1189
1148
1190
1149
1191
1150
1192
1151
1193
1152
1194
1153
1195
1154
1196
1155
1197
1156
1198
1157
1199
1158
1200
1159
1201
1160
1202
1161
1203
1162
1204
1163
1205
1164
1206
1165
1207
1166
1208
1167
1209
1168
1210
1169
1211
1170
1212
1171
1213
1172
1214
1173
1215
1174
1216
1175
1217
1176
1218
1177
1219
1178
1220
1179
1221
1222
6031
1181
1223
1182
1224
1183
1225
1184
1226
1185
1227
1186
1228
1187
1229
1188
1230
1189
1231
1190
1232
1191
1233
1192
1234
1193
1235
1194
1236
1195
1237
1196
1238
1197
1239
1198
1240
1199
1241
1200
1242
1201
1243
1202
1244
1203
1245
1204
1246
1205
1247
1206
1248
1207
1249
1208
1250
1209
1251
1210
1252
1211
1253
1212
1254
1213
1255
1214
1256
1215
1257
1216
1258
1217
1259
1218
1260
1219
1261
1220
1262
1221
1263
1222
1264
1265
6060
1224
1266
1225
1267
1226
1268
1227
1269
1228
1270
1229
1271
1230
1272
1231
1273
1232
1274
1233
1275
1234
1276
1235
1277
1236
1278
1237
1279
1238
1280
1239
1281
1240
1282
1241
1283
1242
1284
1243
1285
1244
1286
1245
1287
1246
1288
1247
1289
1248
1290
1249
1291
1250
1292
1251
1293
1252
1294
1253
1295
1254
1296
1255
1297
1256
1298
1257
1299
1258
1300
1259
1301
1260
1302
1261
1303
1262
1304
1263
1305
1264
1306
1265
1307
1308
6089
1267
1309
1268
1310
1269
1311
1270
1312
1271
1313
1272
1314
1273
1315
1274
1316
1275
1317
1276
1318
1277
1319
1278
1320
1279
1321
1280
1322
1281
1323
1282
1324
1283
1325
1284
1326
1285
1327
1286
1328
1287
1329
1288
1330
1289
1331
1290
1332
1291
1333
1292
1334
1293
1335
1294
1336
1295
1337
1296
1338
1297
1339
1298
1340
1299
1341
1300
1342
1301
1343
1302
1344
1303
1345
1304
1346
1305
1347
1306
1348
1307
1349
1308
1350
1351
6118
1310
1352
1311
1353
1312
1354
1313
1355
1314
1356
1315
1357
1316
1358
1317
1359
1318
1360
1319
1361
1320
1362
1321
1363
1322
1364
1323
1365
1324
1366
1325
1367
1326
1368
1327
1369
1328
1370
1329
1371
1330
1372
1331
1373
1332
1374
1333
1375
1334
1376
1335
1377
1336
1378
1337
1379
1338
1380
1339
1381
1340
1382
1341
1383
1342
1384
1343
1385
1344
1386
1345
1387
1346
1388
1347
1389
1348
1390
1349
1391
1350
1392
1351
1393
1394
6147
1353
1395
1354
1396
1355
1397
1356
1398
1357
1399
1358
1400
1359
1401
1360
1402
1361
1403
1362
1404
1363
1405
1364
1406
1365
1407
1366
1408
1367
1409
1368
1410
1369
1411
1370
1412
1371
1413
1372
1414
1373
1415
1374
1416
1375
1417
1376
1418
1377
1419
1378
1420
1379
1421
1380
1422
1381
1423
1382
1424
1383
1425
1384
1426
1385
1427
1386
1428
1387
1429
1388
1430
1389
1431
1390
1432
1391
1433
1392
1434
1393
1435
1394
1436
1437
6176
1396
1438
1397
1439
1398
1440
1399
1441
1400
1442
1401
1443
1402
1444
1403
1445
1404
1446
1405
1447
1406
1448
1407
1449
1408
1450
1409
1451
1410
1452
1411
1453
1412
1454
1413
1455
1414
1456
1415
1457
1416
1458
1417
1459
1418
1460
1419
1461
1420
1462
1421
1463
1422
1464
1423
1465
1424
1466
1425
1467
1426
1468
1427
1469
1428
1470
1429
1471
1430
1472
1431
1473
1432
1474
1433
1475
1434
1476
1435
1477
1436
1478
1437
1479
1480
6205
1439
1481
1440
1482
1441
1483
1442
1484
1443
1485
1444
1486
1445
1487
1446
1488
1447
1489
1448
1490
1449
1491
1450
1492
1451
1493
1452
1494
1453
1495
1454
1496
1455
1497
1456
1498
1457
1499
1458
1500
1459
1501
1460
1502
1461
1503
1462
1504
1463
1505
1464
1506
1465
1507
1466
1508
1467
1509
1468
1510
1469
1511
1470
1512
1471
1513
1472
1514
1473
1515
1474
1516
1475
1517
1476
1518
1477
1519
1478
1520
1479
1521
1480
1522
1523
6234
1482
1524
1483
1525
1484
1526
1485
1527
1486
1528
1487
1529
1488
1530
1489
1531
1490
1532
1491
1533
1492
1534
1493
1535
1494
1536
1495
1537
1496
1538
1497
1539
1498
1540
1499
1541
1500
1542
1501
1543
1502
1544
1503
1545
1504
1546
1505
1547
1506
1548
1507
1549
1508
1550
1509
1551
1510
1552
1511
1553
1512
1554
1513
1555
1514
1556
1515
1557
1516
1558
1517
1559
1518
1560
1519
1561
1520
1562
1521
1563
1522
1564
1523
1565
1566
6263
1525
1567
1526
1568
1527
1569
1528
1570
1529
1571
1530
1572
1531
1573
1532
1574
1533
1575
1534
1576
1535
1577
1536
1578
1537
1579
1538
1580
1539
1581
1540
1582
1541
1583
1542
1584
1543
1585
1544
1586
1545
1587
1546
1588
1547
1589
1548
1590
1549
1591
1550
1592
1551
1593
1552
1594
1553
1595
1554
1596
1555
1597
1556
1598
1557
1599
1558
1600
1559
1601
1560
1602
1561
1603
1562
1604
1563
1605
1564
1606
1565
1607
1566
1608
1609
6292
1568
1610
1569
1611
1570
1612
1571
1613
1572
1614
1573
1615
1574
1616
1575
1617
1576
1618
1577
1619
1578
1620
1579
1621
1580
1622
1581
1623
1582
1624
1583
1625
1584
1626
1585
1627
1586
1628
1587
1629
1588
1630
1589
1631
1590
1632
1591
1633
1592
1634
1593
1635
1594
1636
1595
1637
1596
1638
1597
1639
1598
1640
1599
1641
1600
1642
1601
1643
1602
1644
1603
1645
1604
1646
1605
1647
1606
1648
1607
1649
1608
1650
1609
1651
1652
6321
1611
1653
1612
1654
1613
1655
1614
1656
1615
1657
1616
1658
1617
1659
1618
1660
1619
1661
1620
1662
1621
1663
1622
1664
1623
1665
1624
1666
1625
1667
1626
1668
1627
1669
1628
1670
1629
1671
1630
1672
1631
1673
1632
1674
1633
1675
1634
1676
1635
1677
1636
1678
1637
1679
1638
1680
1639
1681
1640
1682
1641
1683
1642
1684
1643
1685
1644
1686
1645
1687
1646
1688
1647
1689
1648
1690
1649
1691
1650
1692
1651
1693
1652
1694
1695
6350
1654
1696
1655
1697
1656
1698
1657
1699
1658
1700
1659
1701
1660
1702
1661
1703
1662
1704
1663
1705
1664
1706
1665
1707
1666
1708
1667
1709
1668
1710
1669
1711
1670
1712
1671
1713
1672
1714
1673
1715
1674
1716
1675
1717
1676
1718
1677
1719
1678
1720
1679
1721
1680
1722
1681
1723
1682
1724
1683
1725
1684
1726
1685
1727
1686
1728
1687
1729
1688
1730
1689
1731
1690
1732
1691
1733
1692
1734
1693
1735
1694
1736
1695
1737
1738
6379
1697
1739
1698
1740
1699
1741
1700
1742
1701
1743
1702
1744
1703
1745
1704
1746
1705
1747
1706
1748
1707
1749
1708
1750
1709
1751
1710
1752
1711
1753
1712
1754
1713
1755
1714
1756
1715
1757
1716
1758
1717
1759
1718
1760
1719
1761
1720
1762
1721
1763
1722
1764
1723
1765
1724
1766
1725
1767
1726
1768
1727
1769
1728
1770
1729
1771
1730
1772
1731
1773
1732
1774
1733
1775
1734
1776
1735
1777
1736
1778
1737
1779
1738
1780
1781
6408
1740
1782
1741
1783
1742
1784
1743
1785
1744
1786
1745
1787
1746
1788
1747
1789
1748
1790
1749
1791
1750
1792
1751
1793
1752
1794
1753
1795
1754
1796
1755
1797
1756
1798
1757
1799
1758
1800
1759
1801
1760
1802
1761
1803
1762
1804
1763
1805
1764
1806
1765
1807
1766
1808
1767
1809
1768
1810
1769
1811
1770
1812
1771
1813
1772
1814
1773
1815
1774
1816
1775
1817
1776
1818
1777
1819
1778
1820
1779
1821
1780
1822
1781
1823
1824
6437
1783
1825
1784
1826
1785
1827
1786
1828
1787
1829
1788
1830
1789
1831
1790
1832
1791
1833
1792
1834
1793
1835
1794
1836
1795
1837
1796
1838
1797
1839
1798
1840
1799
1841
1800
1842
1801
1843
1802
1844
1803
1845
1804
1846
1805
1847
1806
1848
1807
1849
1808
1850
1809
1851
1810
1852
1811
1853
1812
1854
1813
1855
1814
1856
1815
1857
1816
1858
1817
1859
1818
1860
1819
1861
1820
1862
1821
1863
1822
1864
1823
1865
1824
1866
1867
6466
1826
1868
1827
1869
1828
1870
1829
1871
1830
1872
1831
1873
1832
1874
1833
1875
1834
1876
1835
1877
1836
1878
1837
1879
1838
1880
1839
1881
1840
1882
1841
1883
1842
1884
1843
1885
1844
1886
1845
1887
1846
1888
1847
1889
1848
1890
1849
1891
1850
1892
1851
1893
1852
1894
1853
1895
1854
1896
1855
1897
1856
1898
1857
1899
1858
1900
1859
1901
1860
1902
1861
1903
1862
1904
1863
1905
1864
1906
1865
1907
1866
1908
1867
1909
1910
6495
1869
1911
1870
1912
1871
1913
1872
1914
1873
1915
1874
1916
1875
1917
1876
1918
1877
1919
1878
1920
1879
1921
1880
1922
1881
1923
1882
1924
1883
1925
1884
1926
1885
1927
1886
1928
1887
1929
1888
1930
1889
1931
1890
1932
1891
1933
1892
1934
1893
1935
1894
1936
1895
1937
1896
1938
1897
1939
1898
1940
1899
1941
1900
1942
1901
1943
1902
1944
1903
1945
1904
1946
1905
1947
1906
1948
1907
1949
1908
1950
1909
1951
1910
1952
1953
6524
1912
1954
1913
1955
1914
1956
1915
1957
1916
1958
1917
1959
1918
1960
1919
1961
1920
1962
1921
1963
1922
1964
1923
1965
1924
1966
1925
1967
1926
1968
1927
1969
1928
1970
1929
1971
1930
1972
1931
1973
1932
1974
1933
1975
1934
1976
1935
1977
1936
1978
1937
1979
1938
1980
1939
1981
1940
1982
1941
1983
1942
1984
1943
1985
1944
1986
1945
1987
1946
1988
1947
1989
1948
1990
1949
1991
1950
1992
1951
1993
1952
1994
1953
1995
1996
6553
1955
1997
1956
1998
1957
1999
1958
2000
1959
2001
1960
2002
1961
2003
1962
2004
1963
2005
1964
2006
1965
2007
1966
2008
1967
2009
1968
2010
1969
2011
1970
2012
1971
2013
1972
2014
1973
2015
1974
2016
1975
2017
1976
2018
1977
2019
1978
2020
1979
2021
1980
2022
1981
2023
1982
2024
1983
2025
1984
2026
1985
2027
1986
2028
1987
2029
1988
2030
1989
2031
1990
2032
1991
2033
1992
2034
1993
2035
1994
2036
1995
2037
1996
2038
2039
6582
1998
2040
1999
2041
2000
2042
2001
2043
2002
2044
2003
2045
2004
2046
2005
2047
2006
2048
2007
2049
2008
2050
2009
2051
2010
2052
2011
2053
2012
2054
2013
2055
2014
2056
2015
2057
2016
2058
2017
2059
2018
2060
2019
2061
2020
2062
2021
2063
2022
2064
2023
2065
2024
2066
2025
2067
2026
2068
2027
2069
2028
2070
2029
2071
2030
2072
2031
2073
2032
2074
2033
2075
2034
2076
2035
2077
2036
2078
2037
2079
2038
2080
2039
2081
2082
6611
2041
2083
2042
2084
2043
2085
2044
2086
2045
2087
2046
2088
2047
2089
2048
2090
2049
2091
2050
2092
2051
2093
2052
2094
2053
2095
2054
2096
2055
2097
2056
2098
2057
2099
2058
2100
2059
2101
2060
2102
2061
2103
2062
2104
2063
2105
2064
2106
2065
2107
2066
2108
2067
2109
2068
2110
2069
2111
2070
2112
2071
2113
2072
2114
2073
2115
2074
2116
2075
2117
2076
2118
2077
2119
2078
2120
2079
2121
2080
2122
2081
2123
2082
2124
2125
6640
2084
2126
2085
2127
2086
2128
2087
2129
2088
2130
2089
2131
2090
2132
2091
2133
2092
2134
2093
2135
2094
2136
2095
2137
2096
2138
2097
2139
2098
2140
2099
2141
2100
2142
2101
2143
2102
2144
2103
2145
2104
2146
2105
2147
2106
2148
2107
2149
2108
2150
2109
2151
2110
2152
2111
2153
2112
2154
2113
2155
2114
2156
2115
2157
2116
2158
2117
2159
2118
2160
2119
2161
2120
2162
2121
2163
2122
2164
2123
2165
2124
2166
2125
2167
2168
6669
2127
2169
2128
2170
2129
2171
2130
2172
2131
2173
2132
2174
2133
2175
2134
2176
2135
2177
2136
2178
2137
2179
2138
2180
2139
2181
2140
2182
2141
2183
2142
2184
2143
2185
2144
2186
2145
2187
2146
2188
2147
2189
2148
2190
2149
2191
2150
2192
2151
2193
2152
2194
2153
2195
2154
2196
2155
2197
2156
2198
2157
2199
2158
2200
2159
2201
2160
2202
2161
2203
2162
2204
2163
2205
2164
2206
2165
2207
2166
2208
2167
2209
2168
2210
2211
6698
2170
2212
2171
2213
2172
2214
2173
2215
2174
2216
2175
2217
2176
2218
2177
2219
2178
2220
2179
2221
2180
2222
2181
2223
2182
2224
2183
2225
2184
2226
2185
2227
2186
2228
2187
2229
2188
2230
2189
2231
2190
2232
2191
2233
2192
2234
2193
2235
2194
2236
2195
2237
2196
2238
2197
2239
2198
2240
2199
2241
2200
2242
2201
2243
2202
2244
2203
2245
2204
2246
2205
2247
2206
2248
2207
2249
2208
2250
2209
2251
2210
2252
2211
2253
2254
6727
2213
2255
2214
2256
2215
2257
2216
2258
2217
2259
2218
2260
2219
2261
2220
2262
2221
2263
2222
2264
2223
2265
2224
2266
2225
2267
2226
2268
2227
2269
2228
2270
2229
2271
2230
2272
2231
2273
2232
2274
2233
2275
2234
2276
2235
2277
2236
2278
2237
2279
2238
2280
2239
2281
2240
2282
2241
2283
2242
2284
2243
2285
2244
2286
2245
2287
2246
2288
2247
2289
2248
2290
2249
2291
2250
2292
2251
2293
2252
2294
2253
2295
2254
2296
2297
6756
2256
2298
2257
2299
2258
2300
2259
2301
2260
2302
2261
2303
2262
2304
2263
2305
2264
2306
2265
2307
2266
2308
2267
2309
2268
2310
2269
2311
2270
2312
2271
2313
2272
2314
2273
2315
2274
2316
2275
2317
2276
2318
2277
2319
2278
2320
2279
2321
2280
2322
2281
2323
2282
2324
2283
2325
2284
2326
2285
2327
2286
2328
2287
2329
2288
2330
2289
2331
2290
2332
2291
2333
2292
2334
2293
2335
2294
2336
2295
2337
2296
2338
2297
2339
2340
6785
2299
2341
2300
2342
2301
2343
2302
2344
2303
2345
2304
2346
2305
2347
2306
2348
2307
2349
2308
2350
2309
2351
2310
2352
2311
2353
2312
2354
2313
2355
2314
2356
2315
2357
2316
2358
2317
2359
2318
2360
2319
2361
2320
2362
2321
2363
2322
2364
2323
2365
2324
2366
2325
2367
2326
2368
2327
2369
2328
2370
2329
2371
2330
2372
2331
2373
2332
2374
2333
2375
2334
2376
2335
2377
2336
2378
2337
2379
2338
2380
2339
2381
2340
2382
2383
6814
2342
2384
2343
2385
2344
2386
2345
2387
2346
2388
2347
2389
2348
2390
2349
2391
2350
2392
2351
2393
2352
2394
2353
2395
2354
2396
2355
2397
2356
2398
2357
2399
2358
2400
2359
2401
2360
2402
2361
2403
2362
2404
2363
2405
2364
2406
2365
2407
2366
2408
2367
2409
2368
2410
2369
2411
2370
2412
2371
2413
2372
2414
2373
2415
2374
2416
2375
2417
2376
2418
2377
2419
2378
2420
2379
2421
2380
2422
2381
2423
2382
2424
2383
2425
2426
6843
2385
2427
2386
2428
2387
2429
2388
2430
2389
2431
2390
2432
2391
2433
2392
2434
2393
2435
2394
2436
2395
2437
2396
2438
2397
2439
2398
2440
2399
2441
2400
2442
2401
2443
2402
2444
2403
2445
2404
2446
2405
2447
2406
2448
2407
2449
2408
2450
2409
2451
2410
2452
2411
2453
2412
2454
2413
2455
2414
2456
2415
2457
2416
2458
2417
2459
2418
2460
2419
2461
2420
2462
2421
2463
2422
2464
2423
2465
2424
2466
2425
2467
2426
2468
2469
6872
2428
2470
2429
2471
2430
2472
2431
2473
2432
2474
2433
2475
2434
2476
2435
2477
2436
2478
2437
2479
2438
2480
2439
2481
2440
2482
2441
2483
2442
2484
2443
2485
2444
2486
2445
2487
2446
2488
2447
2489
2448
2490
2449
2491
2450
2492
2451
2493
2452
2494
2453
2495
2454
2496
2455
2497
2456
2498
2457
2499
2458
2500
2459
2501
2460
2502
2461
2503
2462
2504
2463
2505
2464
2506
2465
2507
2466
2508
2467
2509
2468
2510
2469
2511
2512
6901
2471
2513
2472
2514
2473
2515
2474
2516
2475
2517
2476
2518
2477
2519
2478
2520
2479
2521
2480
2522
2481
2523
2482
2524
2483
2525
2484
2526
2485
2527
2486
2528
2487
2529
2488
2530
2489
2531
2490
2532
2491
2533
2492
2534
2493
2535
2494
2536
2495
2537
2496
2538
2497
2539
2498
2540
2499
2541
2500
2542
2501
2543
2502
2544
2503
2545
2504
2546
2505
2547
2506
2548
2507
2549
2508
2550
2509
2551
2510
2552
2511
2553
2512
2554
2555
6930
2514
2556
2515
2557
2516
2558
2517
2559
2518
2560
2519
2561
2520
2562
2521
2563
2522
2564
2523
2565
2524
2566
2525
2567
2526
2568
2527
2569
2528
2570
2529
2571
2530
2572
2531
2573
2532
2574
2533
2575
2534
2576
2535
2577
2536
2578
2537
2579
2538
2580
2539
2581
2540
2582
2541
2583
2542
2584
2543
2585
2544
2586
2545
2587
2546
2588
2547
2589
2548
2590
2549
2591
2550
2592
2551
2593
2552
2594
2553
2595
2554
2596
2555
2597
2598
6959
2557
2599
2558
2600
2559
2601
2560
2602
2561
2603
2562
2604
2563
2605
2564
2606
2565
2607
2566
2608
2567
2609
2568
2610
2569
2611
2570
2612
2571
2613
2572
2614
2573
2615
2574
2616
2575
2617
2576
2618
2577
2619
2578
2620
2579
2621
2580
2622
2581
2623
2582
2624
2583
2625
2584
2626
2585
2627
2586
2628
2587
2629
2588
2630
2589
2631
2590
2632
2591
2633
2592
2634
2593
2635
2594
2636
2595
2637
2596
2638
2597
2639
2598
2640
2641
6988
2600
2642
2601
2643
2602
2644
2603
2645
2604
2646
2605
2647
2606
2648
2607
2649
2608
2650
2609
2651
2610
2652
2611
2653
2612
2654
2613
2655
2614
2656
2615
2657
2616
2658
2617
2659
2618
2660
2619
2661
2620
2662
2621
2663
2622
2664
2623
2665
2624
2666
2625
2667
2626
2668
2627
2669
2628
2670
2629
2671
2630
2672
2631
2673
2632
2674
2633
2675
2634
2676
2635
2677
2636
2678
2637
2679
2638
2680
2639
2681
2640
2682
2641
2683
2684
7017
2643
2685
2644
2686
2645
2687
2646
2688
2647
2689
2648
2690
2649
2691
2650
2692
2651
2693
2652
2694
2653
2695
2654
2696
2655
2697
2656
2698
2657
2699
2658
2700
2659
2701
2660
2702
2661
2703
2662
2704
2663
2705
2664
2706
2665
2707
2666
2708
2667
2709
2668
2710
2669
2711
2670
2712
2671
2713
2672
2714
2673
2715
2674
2716
2675
2717
2676
2718
2677
2719
2678
2720
2679
2721
2680
2722
2681
2723
2682
2724
2683
2725
2684
2726
2727
7046
2686
2728
2687
2729
2688
2730
2689
2731
2690
2732
2691
2733
2692
2734
2693
2735
2694
2736
2695
2737
2696
2738
2697
2739
2698
2740
2699
2741
2700
2742
2701
2743
2702
2744
2703
2745
2704
2746
2705
2747
2706
2748
2707
2749
2708
2750
2709
2751
2710
2752
2711
2753
2712
2754
2713
2755
2714
2756
2715
2757
2716
2758
2717
2759
2718
2760
2719
2761
2720
2762
2721
2763
2722
2764
2723
2765
2724
2766
2725
2767
2726
2768
2727
2769
2770
7075
2729
2771
2730
2772
2731
2773
2732
2774
2733
2775
2734
2776
2735
2777
2736
2778
2737
2779
2738
2780
2739
2781
2740
2782
2741
2783
2742
2784
2743
2785
2744
2786
2745
2787
2746
2788
2747
2789
2748
2790
2749
2791
2750
2792
2751
2793
2752
2794
2753
2795
2754
2796
2755
2797
2756
2798
2757
2799
2758
2800
2759
2801
2760
2802
2761
2803
2762
2804
2763
2805
2764
2806
2765
2807
2766
2808
2767
2809
2768
2810
2769
2811
2770
2812
2813
7104
2772
2814
2773
2815
2774
2816
2775
2817
2776
2818
2777
2819
2778
2820
2779
2821
2780
2822
2781
2823
2782
2824
2783
2825
2784
2826
2785
2827
2786
2828
2787
2829
2788
2830
2789
2831
2790
2832
2791
2833
2792
2834
2793
2835
2794
2836
2795
2837
2796
2838
2797
2839
2798
2840
2799
2841
2800
2842
2801
2843
2802
2844
2803
2845
2804
2846
2805
2847
2806
2848
2807
2849
2808
2850
2809
2851
2810
2852
2811
2853
2812
2854
2813
2855
2856
7133
2815
2857
2816
2858
2817
2859
2818
2860
2819
2861
2820
2862
2821
2863
2822
2864
2823
2865
2824
2866
2825
2867
2826
2868
2827
2869
2828
2870
2829
2871
2830
2872
2831
2873
2832
2874
2833
2875
2834
2876
2835
2877
2836
2878
2837
2879
2838
2880
2839
2881
2840
2882
2841
2883
2842
2884
2843
2885
2844
2886
2845
2887
2846
2888
2847
2889
2848
2890
2849
2891
2850
2892
2851
2893
2852
2894
2853
2895
2854
2896
2855
2897
2856
2898
2899
7162
2858
2900
2859
2901
2860
2902
2861
2903
2862
2904
2863
2905
2864
2906
2865
2907
2866
2908
2867
2909
2868
2910
2869
2911
2870
2912
2871
2913
2872
2914
2873
2915
2874
2916
2875
2917
2876
2918
2877
2919
2878
2920
2879
2921
2880
2922
2881
2923
2882
2924
2883
2925
2884
2926
2885
2927
2886
2928
2887
2929
2888
2930
2889
2931
2890
2932
2891
2933
2892
2934
2893
2935
2894
2936
2895
2937
2896
2938
2897
2939
2898
2940
2899
2941
2942
7191
2901
2943
2902
2944
2903
2945
2904
2946
2905
2947
2906
2948
2907
2949
2908
2950
2909
2951
2910
2952
2911
2953
2912
2954
2913
2955
2914
2956
2915
2957
2916
2958
2917
2959
2918
2960
2919
2961
2920
2962
2921
2963
2922
2964
2923
2965
2924
2966
2925
2967
2926
2968
2927
2969
2928
2970
2929
2971
2930
2972
2931
2973
2932
2974
2933
2975
2934
2976
2935
2977
2936
2978
2937
2979
2938
2980
2939
2981
2940
2982
2941
2983
2942
2984
2985
7220
2944
2986
2945
2987
2946
2988
2947
2989
2948
2990
2949
2991
2950
2992
2951
2993
2952
2994
2953
2995
2954
2996
2955
2997
2956
2998
2957
2999
2958
3000
2959
3001
2960
3002
2961
3003
2962
3004
2963
3005
2964
3006
2965
3007
2966
3008
2967
3009
2968
3010
2969
3011
2970
3012
2971
3013
2972
3014
2973
3015
2974
3016
2975
3017
2976
3018
2977
3019
2978
3020
2979
3021
2980
3022
2981
3023
2982
3024
2983
3025
2984
3026
2985
3027
3028
7249
2987
3029
2988
3030
2989
3031
2990
3032
2991
3033
2992
3034
2993
3035
2994
3036
2995
3037
2996
3038
2997
3039
2998
3040
2999
3041
3000
3042
3001
3043
3002
3044
3003
3045
3004
3046
3005
3047
3006
3048
3007
3049
3008
3050
3009
3051
3010
3052
3011
3053
3012
3054
3013
3055
3014
3056
3015
3057
3016
3058
3017
3059
3018
3060
3019
3061
3020
3062
3021
3063
3022
3064
3023
3065
3024
3066
3025
3067
3026
3068
3027
3069
3028
3070
3071
7278
3030
3072
3031
3073
3032
3074
3033
3075
3034
3076
3035
3077
3036
3078
3037
3079
3038
3080
3039
3081
3040
3082
3041
3083
3042
3084
3043
3085
3044
3086
3045
3087
3046
3088
3047
3089
3048
3090
3049
3091
3050
3092
3051
3093
3052
3094
3053
3095
3054
3096
3055
3097
3056
3098
3057
3099
3058
3100
3059
3101
3060
3102
3061
3103
3062
3104
3063
3105
3064
3106
3065
3107
3066
3108
3067
3109
3068
3110
3069
3111
3070
3112
3071
3113
3114
7307
3073
3115
3074
3116
3075
3117
3076
3118
3077
3119
3078
3120
3079
3121
3080
3122
3081
3123
3082
3124
3083
3125
3084
3126
3085
3127
3086
3128
3087
3129
3088
3130
3089
3131
3090
3132
3091
3133
3092
3134
3093
3135
3094
3136
3095
3137
3096
3138
3097
3139
3098
3140
3099
3141
3100
3142
3101
3143
3102
3144
3103
3145
3104
3146
3105
3147
3106
3148
3107
3149
3108
3150
3109
3151
3110
3152
3111
3153
3112
3154
3113
3155
3114
3156
3157
7336
3116
3158
3117
3159
3118
3160
3119
3161
3120
3162
3121
3163
3122
3164
3123
3165
3124
3166
3125
3167
3126
3168
3127
3169
3128
3170
3129
3171
3130
3172
3131
3173
3132
3174
3133
3175
3134
3176
3135
3177
3136
3178
3137
3179
3138
3180
3139
3181
3140
3182
3141
3183
3142
3184
3143
3185
3144
3186
3145
3187
3146
3188
3147
3189
3148
3190
3149
3191
3150
3192
3151
3193
3152
3194
3153
3195
3154
3196
3155
3197
3156
3198
3157
3199
3200
7365
3159
3201
3160
3202
3161
3203
3162
3204
3163
3205
3164
3206
3165
3207
3166
3208
3167
3209
3168
3210
3169
3211
3170
3212
3171
3213
3172
3214
3173
3215
3174
3216
3175
3217
3176
3218
3177
3219
3178
3220
3179
3221
3180
3222
3181
3223
3182
3224
3183
3225
3184
3226
3185
3227
3186
3228
3187
3229
3188
3230
3189
3231
3190
3232
3191
3233
3192
3234
3193
3235
3194
3236
3195
3237
3196
3238
3197
3239
3198
3240
3199
3241
3200
3242
3243
7394
3202
3244
3203
3245
3204
3246
3205
3247
3206
3248
3207
3249
3208
3250
3209
3251
3210
3252
3211
3253
3212
3254
3213
3255
3214
3256
3215
3257
3216
3258
3217
3259
3218
3260
3219
3261
3220
3262
3221
3263
3222
3264
3223
3265
3224
3266
3225
3267
3226
3268
3227
3269
3228
3270
3229
3271
3230
3272
3231
3273
3232
3274
3233
3275
3234
3276
3235
3277
3236
3278
3237
3279
3238
3280
3239
3281
3240
3282
3241
3283
3242
3284
3243
3285
3286
7423
3245
3287
3246
3288
3247
3289
3248
3290
3249
3291
3250
3292
3251
3293
3252
3294
3253
3295
3254
3296
3255
3297
3256
3298
3257
3299
3258
3300
3259
3301
3260
3302
3261
3303
3262
3304
3263
3305
3264
3306
3265
3307
3266
3308
3267
3309
3268
3310
3269
3311
3270
3312
3271
3313
3272
3314
3273
3315
3274
3316
3275
3317
3276
3318
3277
3319
3278
3320
3279
3321
3280
3322
3281
3323
3282
3324
3283
3325
3284
3326
3285
3327
3286
3328
3329
7452
3288
3330
3289
3331
3290
3332
3291
3333
3292
3334
3293
3335
3294
3336
3295
3337
3296
3338
3297
3339
3298
3340
3299
3341
3300
3342
3301
3343
3302
3344
3303
3345
3304
3346
3305
3347
3306
3348
3307
3349
3308
3350
3309
3351
3310
3352
3311
3353
3312
3354
3313
3355
3314
3356
3315
3357
3316
3358
3317
3359
3318
3360
3319
3361
3320
3362
3321
3363
3322
3364
3323
3365
3324
3366
3325
3367
3326
3368
3327
3369
3328
3370
3329
3371
3372
7481
3331
3373
3332
3374
3333
3375
3334
3376
3335
3377
3336
3378
3337
3379
3338
3380
3339
3381
3340
3382
3341
3383
3342
3384
3343
3385
3344
3386
3345
3387
3346
3388
3347
3389
3348
3390
3349
3391
3350
3392
3351
3393
3352
3394
3353
3395
3354
3396
3355
3397
3356
3398
3357
3399
3358
3400
3359
3401
3360
3402
3361
3403
3362
3404
3363
3405
3364
3406
3365
3407
3366
3408
3367
3409
3368
3410
3369
3411
3370
3412
3371
3413
3372
3414
3415
7510
3374
3416
3375
3417
3376
3418
3377
3419
3378
3420
3379
3421
3380
3422
3381
3423
3382
3424
3383
3425
3384
3426
3385
3427
3386
3428
3387
3429
3388
3430
3389
3431
3390
3432
3391
3433
3392
3434
3393
3435
3394
3436
3395
3437
3396
3438
3397
3439
3398
3440
3399
3441
3400
3442
3401
3443
3402
3444
3403
3445
3404
3446
3405
3447
3406
3448
3407
3449
3408
3450
3409
3451
3410
3452
3411
3453
3412
3454
3413
3455
3414
3456
3415
3457
3458
7539
3417
3459
3418
3460
3419
3461
3420
3462
3421
3463
3422
3464
3423
3465
3424
3466
3425
3467
3426
3468
3427
3469
3428
3470
3429
3471
3430
3472
3431
3473
3432
3474
3433
3475
3434
3476
3435
3477
3436
3478
3437
3479
3438
3480
3439
3481
3440
3482
3441
3483
3442
3484
3443
3485
3444
3486
3445
3487
3446
3488
3447
3489
3448
3490
3449
3491
3450
3492
3451
3493
3452
3494
3453
3495
3454
3496
3455
3497
3456
3498
3457
3499
3458
3500
3501
7568
3460
3502
3461
3503
3462
3504
3463
3505
3464
3506
3465
3507
3466
3508
3467
3509
3468
3510
3469
3511
3470
3512
3471
3513
3472
3514
3473
3515
3474
3516
3475
3517
3476
3518
3477
3519
3478
3520
3479
3521
3480
3522
3481
3523
3482
3524
3483
3525
3484
3526
3485
3527
3486
3528
3487
3529
3488
3530
3489
3531
3490
3532
3491
3533
3492
3534
3493
3535
3494
3536
3495
3537
3496
3538
3497
3539
3498
3540
3499
3541
3500
3542
3501
3543
3544
7597
3503
3545
3504
3546
3505
3547
3506
3548
3507
3549
3508
3550
3509
3551
3510
3552
3511
3553
3512
3554
3513
3555
3514
3556
3515
3557
3516
3558
3517
3559
3518
3560
3519
3561
3520
3562
3521
3563
3522
3564
3523
3565
3524
3566
3525
3567
3526
3568
3527
3569
3528
3570
3529
3571
3530
3572
3531
3573
3532
3574
3533
3575
3534
3576
3535
3577
3536
3578
3537
3579
3538
3580
3539
3581
3540
3582
3541
3583
3542
3584
3543
3585
3544
3586
3587
7626
3546
3588
3547
3589
3548
3590
3549
3591
3550
3592
3551
3593
3552
3594
3553
3595
3554
3596
3555
3597
3556
3598
3557
3599
3558
3600
3559
3601
3560
3602
3561
3603
3562
3604
3563
3605
3564
3606
3565
3607
3566
3608
3567
3609
3568
3610
3569
3611
3570
3612
3571
3613
3572
3614
3573
3615
3574
3616
3575
3617
3576
3618
3577
3619
3578
3620
3579
3621
3580
3622
3581
3623
3582
3624
3583
3625
3584
3626
3585
3627
3586
3628
3587
3629
3630
7655
3589
3631
3590
3632
3591
3633
3592
3634
3593
3635
3594
3636
3595
3637
3596
3638
3597
3639
3598
3640
3599
3641
3600
3642
3601
3643
3602
3644
3603
3645
3604
3646
3605
3647
3606
3648
3607
3649
3608
3650
3609
3651
3610
3652
3611
3653
3612
3654
3613
3655
3614
3656
3615
3657
3616
3658
3617
3659
3618
3660
3619
3661
3620
3662
3621
3663
3622
3664
3623
3665
3624
3666
3625
3667
3626
3668
3627
3669
3628
3670
3629
3671
3630
3672
3673
7684
3632
3674
3633
3675
3634
3676
3635
3677
3636
3678
3637
3679
3638
3680
3639
3681
3640
3682
3641
3683
3642
3684
3643
3685
3644
3686
3645
3687
3646
3688
3647
3689
3648
3690
3649
3691
3650
3692
3651
3693
3652
3694
3653
3695
3654
3696
3655
3697
3656
3698
3657
3699
3658
3700
3659
3701
3660
3702
3661
3703
3662
3704
3663
3705
3664
3706
3665
3707
3666
3708
3667
3709
3668
3710
3669
3711
3670
3712
3671
3713
3672
3714
3673
3715
3716
7713
3675
3717
3676
3718
3677
3719
3678
3720
3679
3721
3680
3722
3681
3723
3682
3724
3683
3725
3684
3726
3685
3727
3686
3728
3687
3729
3688
3730
3689
3731
3690
3732
3691
3733
3692
3734
3693
3735
3694
3736
3695
3737
3696
3738
3697
3739
3698
3740
3699
3741
3700
3742
3701
3743
3702
3744
3703
3745
3704
3746
3705
3747
3706
3748
3707
3749
3708
3750
3709
3751
3710
3752
3711
3753
3712
3754
3713
3755
3714
3756
3715
3757
3716
3758
3759
7742
3718
3760
3719
3761
3720
3762
3721
3763
3722
3764
3723
3765
3724
3766
3725
3767
3726
3768
3727
3769
3728
3770
3729
3771
3730
3772
3731
3773
3732
3774
3733
3775
3734
3776
3735
3777
3736
3778
3737
3779
3738
3780
3739
3781
3740
3782
3741
3783
3742
3784
3743
3785
3744
3786
3745
3787
3746
3788
3747
3789
3748
3790
3749
3791
3750
3792
3751
3793
3752
3794
3753
3795
3754
3796
3755
3797
3756
3798
3757
3799
3758
3800
3759
3801
3802
7771
3761
3803
3762
3804
3763
3805
3764
3806
3765
3807
3766
3808
3767
3809
3768
3810
3769
3811
3770
3812
3771
3813
3772
3814
3773
3815
3774
3816
3775
3817
3776
3818
3777
3819
3778
3820
3779
3821
3780
3822
3781
3823
3782
3824
3783
3825
3784
3826
3785
3827
3786
3828
3787
3829
3788
3830
3789
3831
3790
3832
3791
3833
3792
3834
3793
3835
3794
3836
3795
3837
3796
3838
3797
3839
3798
3840
3799
3841
3800
3842
3801
3843
3802
3844
3845
7800
3804
3846
3805
3847
3806
3848
3807
3849
3808
3850
3809
3851
3810
3852
3811
3853
3812
3854
3813
3855
3814
3856
3815
3857
3816
3858
3817
3859
3818
3860
3819
3861
3820
3862
3821
3863
3822
3864
3823
3865
3824
3866
3825
3867
3826
3868
3827
3869
3828
3870
3829
3871
3830
3872
3831
3873
3832
3874
3833
3875
3834
3876
3835
3877
3836
3878
3837
3879
3838
3880
3839
3881
3840
3882
3841
3883
3842
3884
3843
3885
3844
3886
3845
3887
3888
7829
3847
3889
3848
3890
3849
3891
3850
3892
3851
3893
3852
3894
3853
3895
3854
3896
3855
3897
3856
3898
3857
3899
3858
3900
3859
3901
3860
3902
3861
3903
3862
3904
3863
3905
3864
3906
3865
3907
3866
3908
3867
3909
3868
3910
3869
3911
3870
3912
3871
3913
3872
3914
3873
3915
3874
3916
3875
3917
3876
3918
3877
3919
3878
3920
3879
3921
3880
3922
3881
3923
3882
3924
3883
3925
3884
3926
3885
3927
3886
3928
3887
3929
3888
3930
3931
7858
3890
3932
3891
3933
3892
3934
3893
3935
3894
3936
3895
3937
3896
3938
3897
3939
3898
3940
3899
3941
3900
3942
3901
3943
3902
3944
3903
3945
3904
3946
3905
3947
3906
3948
3907
3949
3908
3950
3909
3951
3910
3952
3911
3953
3912
3954
3913
3955
3914
3956
3915
3957
3916
3958
3917
3959
3918
3960
3919
3961
3920
3962
3921
3963
3922
3964
3923
3965
3924
3966
3925
3967
3926
3968
3927
3969
3928
3970
3929
3971
3930
3972
3931
3973
3974
7887
3933
3975
3934
3976
3935
3977
3936
3978
3937
3979
3938
3980
3939
3981
3940
3982
3941
3983
3942
3984
3943
3985
3944
3986
3945
3987
3946
3988
3947
3989
3948
3990
3949
3991
3950
3992
3951
3993
3952
3994
3953
3995
3954
3996
3955
3997
3956
3998
3957
3999
3958
4000
3959
4001
3960
4002
3961
4003
3962
4004
3963
4005
3964
4006
3965
4007
3966
4008
3967
4009
3968
4010
3969
4011
3970
4012
3971
4013
3972
4014
3973
4015
3974
4016
4017
7916
3976
4018
3977
4019
3978
4020
3979
4021
3980
4022
3981
4023
3982
4024
3983
4025
3984
4026
3985
4027
3986
4028
3987
4029
3988
4030
3989
4031
3990
4032
3991
4033
3992
4034
3993
4035
3994
4036
3995
4037
3996
4038
3997
4039
3998
4040
3999
4041
4000
4042
4001
4043
4002
4044
4003
4045
4004
4046
4005
4047
4006
4048
4007
4049
4008
4050
4009
4051
4010
4052
4011
4053
4012
4054
4013
4055
4014
4056
4015
4057
4016
4058
4017
4059
4060
7945
4019
4061
4020
4062
4021
4063
4022
4064
4023
4065
4024
4066
4025
4067
4026
4068
4027
4069
4028
4070
4029
4071
4030
4072
4031
4073
4032
4074
4033
4075
4034
4076
4035
4077
4036
4078
4037
4079
4038
4080
4039
4081
4040
4082
4041
4083
4042
4084
4043
4085
4044
4086
4045
4087
4046
4088
4047
4089
4048
4090
4049
4091
4050
4092
4051
4093
4052
4094
4053
4095
4054
4096
4055
4097
4056
4098
4057
4099
4058
4100
4059
4101
4060
4102
4103
7974
4062
4104
4063
4105
4064
4106
4065
4107
4066
4108
4067
4109
4068
4110
4069
4111
4070
4112
4071
4113
4072
4114
4073
4115
4074
4116
4075
4117
4076
4118
4077
4119
4078
4120
4079
4121
4080
4122
4081
4123
4082
4124
4083
4125
4084
4126
4085
4127
4086
4128
4087
4129
4088
4130
4089
4131
4090
4132
4091
4133
4092
4134
4093
4135
4094
4136
4095
4137
4096
4138
4097
4139
4098
4140
4099
4141
4100
4142
4101
4143
4102
4144
4103
4145
4146
8003
4105
4147
4106
4148
4107
4149
4108
4150
4109
4151
4110
4152
4111
4153
4112
4154
4113
4155
4114
4156
4115
4157
4116
4158
4117
4159
4118
4160
4119
4161
4120
4162
4121
4163
4122
4164
4123
4165
4124
4166
4125
4167
4126
4168
4127
4169
4128
4170
4129
4171
4130
4172
4131
4173
4132
4174
4133
4175
4134
4176
4135
4177
4136
4178
4137
4179
4138
4180
4139
4181
4140
4182
4141
4183
4142
4184
4143
4185
4144
4186
4145
4187
4146
4188
4189
8032
4148
4190
4149
4191
4150
4192
4151
4193
4152
4194
4153
4195
4154
4196
4155
4197
4156
4198
4157
4199
4158
4200
4159
4201
4160
4202
4161
4203
4162
4204
4163
4205
4164
4206
4165
4207
4166
4208
4167
4209
4168
4210
4169
4211
4170
4212
4171
4213
4172
4214
4173
4215
4174
4216
4175
4217
4176
4218
4177
4219
4178
4220
4179
4221
4180
4222
4181
4223
4182
4224
4183
4225
4184
4226
4185
4227
4186
4228
4187
4229
4188
4230
4189
4231
4232
8061
4191
4233
4192
4234
4193
4235
4194
4236
4195
4237
4196
4238
4197
4239
4198
4240
4199
4241
4200
4242
4201
4243
4202
4244
4203
4245
4204
4246
4205
4247
4206
4248
4207
4249
4208
4250
4209
4251
4210
4252
4211
4253
4212
4254
4213
4255
4214
4256
4215
4257
4216
4258
4217
4259
4218
4260
4219
4261
4220
4262
4221
4263
4222
4264
4223
4265
4224
4266
4225
4267
4226
4268
4227
4269
4228
4270
4229
4271
4230
4272
4231
4273
4232
4274
4275
8090
4234
4276
4235
4277
4236
4278
4237
4279
4238
4280
4239
4281
4240
4282
4241
4283
4242
4284
4243
4285
4244
4286
4245
4287
4246
4288
4247
4289
4248
4290
4249
4291
4250
4292
4251
4293
4252
4294
4253
4295
4254
4296
4255
4297
4256
4298
4257
4299
4258
4300
4259
4301
4260
4302
4261
4303
4262
4304
4263
4305
4264
4306
4265
4307
4266
4308
4267
4309
4268
4310
4269
4311
4270
4312
4271
4313
4272
4314
4273
4315
4274
4316
4275
4317
4318
8119
4277
4319
4278
4320
4279
4321
4280
4322
4281
4323
4282
4324
4283
4325
4284
4326
4285
4327
4286
4328
4287
4329
4288
4330
4289
4331
4290
4332
4291
4333
4292
4334
4293
4335
4294
4336
4295
4337
4296
4338
4297
4339
4298
4340
4299
4341
4300
4342
4301
4343
4302
4344
4303
4345
4304
4346
4305
4347
4306
4348
4307
4349
4308
4350
4309
4351
4310
4352
4311
4353
4312
4354
4313
4355
4314
4356
4315
4357
4316
4358
4317
4359
4318
4360
4361
8148
4320
4362
4321
4363
4322
4364
4323
4365
4324
4366
4325
4367
4326
4368
4327
4369
4328
4370
4329
4371
4330
4372
4331
4373
4332
4374
4333
4375
4334
4376
4335
4377
4336
4378
4337
4379
4338
4380
4339
4381
4340
4382
4341
4383
4342
4384
4343
4385
4344
4386
4345
4387
4346
4388
4347
4389
4348
4390
4349
4391
4350
4392
4351
4393
4352
4394
4353
4395
4354
4396
4355
4397
4356
4398
4357
4399
4358
4400
4359
4401
4360
4402
4361
4403
4404
8177
4363
4405
4364
4406
4365
4407
4366
4408
4367
4409
4368
4410
4369
4411
4370
4412
4371
4413
4372
4414
4373
4415
4374
4416
4375
4417
4376
4418
4377
4419
4378
4420
4379
4421
4380
4422
4381
4423
4382
4424
4383
4425
4384
4426
4385
4427
4386
4428
4387
4429
4388
4430
4389
4431
4390
4432
4391
4433
4392
4434
4393
4435
4394
4436
4395
4437
4396
4438
4397
4439
4398
4440
4399
4441
4400
4442
4401
4443
4402
4444
4403
4445
4404
4446
4447
8206
4406
4448
4407
4449
4408
4450
4409
4451
4410
4452
4411
4453
4412
4454
4413
4455
4414
4456
4415
4457
4416
4458
4417
4459
4418
4460
4419
4461
4420
4462
4421
4463
4422
4464
4423
4465
4424
4466
4425
4467
4426
4468
4427
4469
4428
4470
4429
4471
4430
4472
4431
4473
4432
4474
4433
4475
4434
4476
4435
4477
4436
4478
4437
4479
4438
4480
4439
4481
4440
4482
4441
4483
4442
4484
4443
4485
4444
4486
4445
4487
4446
4488
4447
4489
4490
8235
4449
4491
4450
4492
4451
4493
4452
4494
4453
4495
4454
4496
4455
4497
4456
4498
4457
4499
4458
4500
4459
4501
4460
4502
4461
4503
4462
4504
4463
4505
4464
4506
4465
4507
4466
4508
4467
4509
4468
4510
4469
4511
4470
4512
4471
4513
4472
4514
4473
4515
4474
4516
4475
4517
4476
4518
4477
4519
4478
4520
4479
4521
4480
4522
4481
4523
4482
4524
4483
4525
4484
4526
4485
4527
4486
4528
4487
4529
4488
4530
4489
4531
4490
4532
4533
8264
4492
4534
4493
4535
4494
4536
4495
4537
4496
4538
4497
4539
4498
4540
4499
4541
4500
4542
4501
4543
4502
4544
4503
4545
4504
4546
4505
4547
4506
4548
4507
4549
4508
4550
4509
4551
4510
4552
4511
4553
4512
4554
4513
4555
4514
4556
4515
4557
4516
4558
4517
4559
4518
4560
4519
4561
4520
4562
4521
4563
4522
4564
4523
4565
4524
4566
4525
4567
4526
4568
4527
4569
4528
4570
4529
4571
4530
4572
4531
4573
4532
4574
4533
4575
4576
8293
4535
4577
4536
4578
4537
4579
4538
4580
4539
4581
4540
4582
4541
4583
4542
4584
4543
4585
4544
4586
4545
4587
4546
4588
4547
4589
4548
4590
4549
4591
4550
4592
4551
4593
4552
4594
4553
4595
4554
4596
4555
4597
4556
4598
4557
4599
4558
4600
4559
4601
4560
4602
4561
4603
4562
4604
4563
4605
4564
4606
4565
4607
4566
4608
4567
4609
4568
4610
4569
4611
4570
4612
4571
4613
4572
4614
4573
4615
4574
4616
4575
4617
4576
4618
4619
8322
4578
4620
4579
4621
4580
4622
4581
4623
4582
4624
4583
4625
4584
4626
4585
4627
4586
4628
4587
4629
4588
4630
4589
4631
4590
4632
4591
4633
4592
4634
4593
4635
4594
4636
4595
4637
4596
4638
4597
4639
4598
4640
4599
4641
4600
4642
4601
4643
4602
4644
4603
4645
4604
4646
4605
4647
4606
4648
4607
4649
4608
4650
4609
4651
4610
4652
4611
4653
4612
4654
4613
4655
4614
4656
4615
4657
4616
4658
4617
4659
4618
4660
4619
4661
4662
8351
4621
4663
4622
4664
4623
4665
4624
4666
4625
4667
4626
4668
4627
4669
4628
4670
4629
4671
4630
4672
4631
4673
4632
4674
4633
4675
4634
4676
4635
4677
4636
4678
4637
4679
4638
4680
4639
4681
4640
4682
4641
4683
4642
4684
4643
4685
4644
4686
4645
4687
4646
4688
4647
4689
4648
4690
4649
4691
4650
4692
4651
4693
4652
4694
4653
4695
4654
4696
4655
4697
4656
4698
4657
4699
4658
4700
4659
4701
4660
4702
4661
4703
4662
4704
4705
8380
4664
4706
4665
4707
4666
4708
4667
4709
4668
4710
4669
4711
4670
4712
4671
4713
4672
4714
4673
4715
4674
4716
4675
4717
4676
4718
4677
4719
4678
4720
4679
4721
4680
4722
4681
4723
4682
4724
4683
4725
4684
4726
4685
4727
4686
4728
4687
4729
4688
4730
4689
4731
4690
4732
4691
4733
4692
4734
4693
4735
4694
4736
4695
4737
4696
4738
4697
4739
4698
4740
4699
4741
4700
4742
4701
4743
4702
4744
4703
4745
4704
4746
4705
4747
4748
8409
4707
4749
4708
4750
4709
4751
4710
4752
4711
4753
4712
4754
4713
4755
4714
4756
4715
4757
4716
4758
4717
4759
4718
4760
4719
4761
4720
4762
4721
4763
4722
4764
4723
4765
4724
4766
4725
4767
4726
4768
4727
4769
4728
4770
4729
4771
4730
4772
4731
4773
4732
4774
4733
4775
4734
4776
4735
4777
4736
4778
4737
4779
4738
4780
4739
4781
4740
4782
4741
4783
4742
4784
4743
4785
4744
4786
4745
4787
4746
4788
4747
4789
4748
4790
4791
8438
4750
4792
4751
4793
4752
4794
4753
4795
4754
4796
4755
4797
4756
4798
4757
4799
4758
4800
4759
4801
4760
4802
4761
4803
4762
4804
4763
4805
4764
4806
4765
4807
4766
4808
4767
4809
4768
4810
4769
4811
4770
4812
4771
4813
4772
4814
4773
4815
4774
4816
4775
4817
4776
4818
4777
4819
4778
4820
4779
4821
4780
4822
4781
4823
4782
4824
4783
4825
4784
4826
4785
4827
4786
4828
4787
4829
4788
4830
4789
4831
4790
4832
4791
4833
4834
8467
4793
4835
4794
4836
4795
4837
4796
4838
4797
4839
4798
4840
4799
4841
4800
4842
4801
4843
4802
4844
4803
4845
4804
4846
4805
4847
4806
4848
4807
4849
4808
4850
4809
4851
4810
4852
4811
4853
4812
4854
4813
4855
4814
4856
4815
4857
4816
4858
4817
4859
4818
4860
4819
4861
4820
4862
4821
4863
4822
4864
4823
4865
4824
4866
4825
4867
4826
4868
4827
4869
4828
4870
4829
4871
4830
4872
4831
4873
4832
4874
4833
4875
4834
4876
4877
8496
4836
4878
4837
4879
4838
4880
4839
4881
4840
4882
4841
4883
4842
4884
4843
4885
4844
4886
4845
4887
4846
4888
4847
4889
4848
4890
4849
4891
4850
4892
4851
4893
4852
4894
4853
4895
4854
4896
4855
4897
4856
4898
4857
4899
4858
4900
4859
4901
4860
4902
4861
4903
4862
4904
4863
4905
4864
4906
4865
4907
4866
4908
4867
4909
4868
4910
4869
4911
4870
4912
4871
4913
4872
4914
4873
4915
4874
4916
4875
4917
4876
4918
4877
4919
4920
8525
4879
4921
4880
4922
4881
4923
4882
4924
4883
4925
4884
4926
4885
4927
4886
4928
4887
4929
4888
4930
4889
4931
4890
4932
4891
4933
4892
4934
4893
4935
4894
4936
4895
4937
4896
4938
4897
4939
4898
4940
4899
4941
4900
4942
4901
4943
4902
4944
4903
4945
4904
4946
4905
4947
4906
4948
4907
4949
4908
4950
4909
4951
4910
4952
4911
4953
4912
4954
4913
4955
4914
4956
4915
4957
4916
4958
4917
4959
4918
4960
4919
4961
4920
4962
4963
8554
4922
4964
4923
4965
4924
4966
4925
4967
4926
4968
4927
4969
4928
4970
4929
4971
4930
4972
4931
4973
4932
4974
4933
4975
4934
4976
4935
4977
4936
4978
4937
4979
4938
4980
4939
4981
4940
4982
4941
4983
4942
4984
4943
4985
4944
4986
4945
4987
4946
4988
4947
4989
4948
4990
4949
4991
4950
4992
4951
4993
4952
4994
4953
4995
4954
4996
4955
4997
4956
4998
4957
4999
4958
5000
4959
5001
4960
5002
4961
5003
4962
5004
4963
5005
5006
8583
4965
5007
4966
5008
4967
5009
4968
5010
4969
5011
4970
5012
4971
5013
4972
5014
4973
5015
4974
5016
4975
5017
4976
5018
4977
5019
4978
5020
4979
5021
4980
5022
4981
5023
4982
5024
4983
5025
4984
5026
4985
5027
4986
5028
4987
5029
4988
5030
4989
5031
4990
5032
4991
5033
4992
5034
4993
5035
4994
5036
4995
5037
4996
5038
4997
5039
4998
5040
4999
5041
5000
5042
5001
5043
5002
5044
5003
5045
5004
5046
5005
5047
5006
5048
5049
8612
5008
5050
5009
5051
5010
5052
5011
5053
5012
5054
5013
5055
5014
5056
5015
5057
5016
5058
5017
5059
5018
5060
5019
5061
5020
5062
5021
5063
5022
5064
5023
5065
5024
5066
5025
5067
5026
5068
5027
5069
5028
5070
5029
5071
5030
5072
5031
5073
5032
5074
5033
5075
5034
5076
5035
5077
5036
5078
5037
5079
5038
5080
5039
5081
5040
5082
5041
5083
5042
5084
5043
5085
5044
5086
5045
5087
5046
5088
5047
5089
5048
5090
5049
5091
5092
8641
5051
5093
5052
5094
5053
5095
5054
5096
5055
5097
5056
5098
5057
5099
5058
5100
5059
5101
5060
5102
5061
5103
5062
5104
5063
5105
5064
5106
5065
5107
5066
5108
5067
5109
5068
5110
5069
5111
5070
5112
5071
5113
5072
5114
5073
5115
5074
5116
5075
5117
5076
5118
5077
5119
5078
5120
5079
5121
5080
5122
5081
5123
5082
5124
5083
5125
5084
5126
5085
5127
5086
5128
5087
5129
5088
5130
5089
5131
5090
5132
5091
5133
5092
5134
5135
8670
5094
5136
5095
5137
5096
5138
5097
5139
5098
5140
5099
5141
5100
5142
5101
5143
5102
5144
5103
5145
5104
5146
5105
5147
5106
5148
5107
5149
5108
5150
5109
5151
5110
5152
5111
5153
5112
5154
5113
5155
5114
5156
5115
5157
5116
5158
5117
5159
5118
5160
5119
5161
5120
5162
5121
5163
5122
5164
5123
5165
5124
5166
5125
5167
5126
5168
5127
5169
5128
5170
5129
5171
5130
5172
5131
5173
5132
5174
5133
5175
5134
5176
5135
5177
5178
8699
5137
5179
5138
5180
5139
5181
5140
5182
5141
5183
5142
5184
5143
5185
5144
5186
5145
5187
5146
5188
5147
5189
5148
5190
5149
5191
5150
5192
5151
5193
5152
5194
5153
5195
5154
5196
5155
5197
5156
5198
5157
5199
5158
5200
5159
5201
5160
5202
5161
5203
5162
5204
5163
5205
5164
5206
5165
5207
5166
5208
5167
5209
5168
5210
5169
5211
5170
5212
5171
5213
5172
5214
5173
5215
5174
5216
5175
5217
5176
5218
5177
5219
5178
5220
5221
8728
5180
5222
5181
5223
5182
5224
5183
5225
5184
5226
5185
5227
5186
5228
5187
5229
5188
5230
5189
5231
5190
5232
5191
5233
5192
5234
5193
5235
5194
5236
5195
5237
5196
5238
5197
5239
5198
5240
5199
5241
5200
5242
5201
5243
5202
5244
5203
5245
5204
5246
5205
5247
5206
5248
5207
5249
5208
5250
5209
5251
5210
5252
5211
5253
5212
5254
5213
5255
5214
5256
5215
5257
5216
5258
5217
5259
5218
5260
5219
5261
5220
5262
5221
5263
5264
8757
5223
5265
5224
5266
5225
5267
5226
5268
5227
5269
5228
5270
5229
5271
5230
5272
5231
5273
5232
5274
5233
5275
5234
5276
5235
5277
5236
5278
5237
5279
5238
5280
5239
5281
5240
5282
5241
5283
5242
5284
5243
5285
5244
5286
5245
5287
5246
5288
5247
5289
5248
5290
5249
5291
5250
5292
5251
5293
5252
5294
5253
5295
5254
5296
5255
5297
5256
5298
5257
5299
5258
5300
5259
5301
5260
5302
5261
5303
5262
5304
5263
5305
5264
5306
5307
8786
5266
5308
5267
5309
5268
5310
5269
5311
5270
5312
5271
5313
5272
5314
5273
5315
5274
5316
5275
5317
5276
5318
5277
5319
5278
5320
5279
5321
5280
5322
5281
5323
5282
5324
5283
5325
5284
5326
5285
5327
5286
5328
5287
5329
5288
5330
5289
5331
5290
5332
5291
5333
5292
5334
5293
5335
5294
5336
5295
5337
5296
5338
5297
5339
5298
5340
5299
5341
5300
5342
5301
5343
5302
5344
5303
5345
5304
5346
5305
5347
5306
5348
5307
5349
5350
8815
5309
5351
5310
5352
5311
5353
5312
5354
5313
5355
5314
5356
5315
5357
5316
5358
5317
5359
5318
5360
5319
5361
5320
5362
5321
5363
5322
5364
5323
5365
5324
5366
5325
5367
5326
5368
5327
5369
5328
5370
5329
5371
5330
5372
5331
5373
5332
5374
5333
5375
5334
5376
5335
5377
5336
5378
5337
5379
5338
5380
5339
5381
5340
5382
5341
5383
5342
5384
5343
5385
5344
5386
5345
5387
5346
5388
5347
5389
5348
5390
5349
5391
5350
5392
5393
8844
5352
5394
5353
5395
5354
5396
5355
5397
5356
5398
5357
5399
5358
5400
5359
5401
5360
5402
5361
5403
5362
5404
5363
5405
5364
5406
5365
5407
5366
5408
5367
5409
5368
5410
5369
5411
5370
5412
5371
5413
5372
5414
5373
5415
5374
5416
5375
5417
5376
5418
5377
5419
5378
5420
5379
5421
5380
5422
5381
5423
5382
5424
5383
5425
5384
5426
5385
5427
5386
5428
5387
5429
5388
5430
5389
5431
5390
5432
5391
5433
5392
5434
5393
5435
5436
8873
5395
5437
5396
5438
5397
5439
5398
5440
5399
5441
5400
5442
5401
5443
5402
5444
5403
5445
5404
5446
5405
5447
5406
5448
5407
5449
5408
5450
5409
5451
5410
5452
5411
5453
5412
5454
5413
5455
5414
5456
5415
5457
5416
5458
5417
5459
5418
5460
5419
5461
5420
5462
5421
5463
5422
5464
5423
5465
5424
5466
5425
5467
5426
5468
5427
5469
5428
5470
5429
5471
5430
5472
5431
5473
5432
5474
5433
5475
5434
5476
5435
5477
5436
5478
5479
8902
5438
5439
5440
5441
5442
5443
5444
5445
5446
5447
5448
5449
5450
5451
5452
5453
5454
5455
5456
5457
5458
5459
5460
5461
5462
5463
5464
5465
5466
5467
5468
5469
5470
5471
5472
5473
5474
5475
5476
5477
5478
5479
8931
5481
5509
5482
5510
5483
5511
5484
5512
5485
5513
5486
5514
5487
5515
5488
5516
5489
5517
5490
5518
5491
5519
5492
5520
5493
5521
5494
5522
5495
5523
5496
5524
5497
5525
5498
5526
5499
5527
5500
5528
5501
5529
5502
5530
5503
5531
5504
5532
5505
5533
5506
5534
5507
5535
5508
5536
5537
5510
5538
5511
5539
5512
5540
5513
5541
5514
5542
5515
5543
5516
5544
5517
5545
5518
5546
5519
5547
5520
5548
5521
5549
5522
5550
5523
5551
5524
5552
5525
5553
5526
5554
5527
5555
5528
5556
5529
5557
5530
5558
5531
5559
5532
5560
5533
5561
5534
5562
5535
5563
5536
5564
5537
5565
5566
5539
5567
5540
5568
5541
5569
5542
5570
5543
5571
5544
5572
5545
5573
5546
5574
5547
5575
5548
5576
5549
5577
5550
5578
5551
5579
5552
5580
5553
5581
5554
5582
5555
5583
5556
5584
5557
5585
5558
5586
5559
5587
5560
5588
5561
5589
5562
5590
5563
5591
5564
5592
5565
5593
5566
5594
5595
5568
5596
5569
5597
5570
5598
5571
5599
5572
5600
5573
5601
5574
5602
5575
5603
5576
5604
5577
5605
5578
5606
5579
5607
5580
5608
5581
5609
5582
5610
5583
5611
5584
5612
5585
5613
5586
5614
5587
5615
5588
5616
5589
5617
5590
5618
5591
5619
5592
5620
5593
5621
5594
5622
5595
5623
5624
5597
5625
5598
5626
5599
5627
5600
5628
5601
5629
5602
5630
5603
5631
5604
5632
5605
5633
5606
5634
5607
5635
5608
5636
5609
5637
5610
5638
5611
5639
5612
5640
5613
5641
5614
5642
5615
5643
5616
5644
5617
5645
5618
5646
5619
5647
5620
5648
5621
5649
5622
5650
5623
5651
5624
5652
5653
5626
5654
5627
5655
5628
5656
5629
5657
5630
5658
5631
5659
5632
5660
5633
5661
5634
5662
5635
5663
5636
5664
5637
5665
5638
5666
5639
5667
5640
5668
5641
5669
5642
5670
5643
5671
5644
5672
5645
5673
5646
5674
5647
5675
5648
5676
5649
5677
5650
5678
5651
5679
5652
5680
5653
5681
5682
5655
5683
5656
5684
5657
5685
5658
5686
5659
5687
5660
5688
5661
5689
5662
5690
5663
5691
5664
5692
5665
5693
5666
5694
5667
5695
5668
5696
5669
5697
5670
5698
5671
5699
5672
5700
5673
5701
5674
5702
5675
5703
5676
5704
5677
5705
5678
5706
5679
5707
5680
5708
5681
5709
5682
5710
5711
5684
5712
5685
5713
5686
5714
5687
5715
5688
5716
5689
5717
5690
5718
5691
5719
5692
5720
5693
5721
5694
5722
5695
5723
5696
5724
5697
5725
5698
5726
5699
5727
5700
5728
5701
5729
5702
5730
5703
5731
5704
5732
5705
5733
5706
5734
5707
5735
5708
5736
5709
5737
5710
5738
5711
5739
5740
5713
5741
5714
5742
5715
5743
5716
5744
5717
5745
5718
5746
5719
5747
5720
5748
5721
5749
5722
5750
5723
5751
5724
5752
5725
5753
5726
5754
5727
5755
5728
5756
5729
5757
5730
5758
5731
5759
5732
5760
5733
5761
5734
5762
5735
5763
5736
5764
5737
5765
5738
5766
5739
5767
5740
5768
5769
5742
5770
5743
5771
5744
5772
5745
5773
5746
5774
5747
5775
5748
5776
5749
5777
5750
5778
5751
5779
5752
5780
5753
5781
5754
5782
5755
5783
5756
5784
5757
5785
5758
5786
5759
5787
5760
5788
5761
5789
5762
5790
5763
5791
5764
5792
5765
5793
5766
5794
5767
5795
5768
5796
5769
5797
5798
5771
5799
5772
5800
5773
5801
5774
5802
5775
5803
5776
5804
5777
5805
5778
5806
5779
5807
5780
5808
5781
5809
5782
5810
5783
5811
5784
5812
5785
5813
5786
5814
5787
5815
5788
5816
5789
5817
5790
5818
5791
5819
5792
5820
5793
5821
5794
5822
5795
5823
5796
5824
5797
5825
5798
5826
5827
5800
5828
5801
5829
5802
5830
5803
5831
5804
5832
5805
5833
5806
5834
5807
5835
5808
5836
5809
5837
5810
5838
5811
5839
5812
5840
5813
5841
5814
5842
5815
5843
5816
5844
5817
5845
5818
5846
5819
5847
5820
5848
5821
5849
5822
5850
5823
5851
5824
5852
5825
5853
5826
5854
5827
5855
5856
5829
5857
5830
5858
5831
5859
5832
5860
5833
5861
5834
5862
5835
5863
5836
5864
5837
5865
5838
5866
5839
5867
5840
5868
5841
5869
5842
5870
5843
5871
5844
5872
5845
5873
5846
5874
5847
5875
5848
5876
5849
5877
5850
5878
5851
5879
5852
5880
5853
5881
5854
5882
5855
5883
5856
5884
5885
5858
5886
5859
5887
5860
5888
5861
5889
5862
5890
5863
5891
5864
5892
5865
5893
5866
5894
5867
5895
5868
5896
5869
5897
5870
5898
5871
5899
5872
5900
5873
5901
5874
5902
5875
5903
5876
5904
5877
5905
5878
5906
5879
5907
5880
5908
5881
5909
5882
5910
5883
5911
5884
5912
5885
5913
5914
5887
5915
5888
5916
5889
5917
5890
5918
5891
5919
5892
5920
5893
5921
5894
5922
5895
5923
5896
5924
5897
5925
5898
5926
5899
5927
5900
5928
5901
5929
5902
5930
5903
5931
5904
5932
5905
5933
5906
5934
5907
5935
5908
5936
5909
5937
5910
5938
5911
5939
5912
5940
5913
5941
5914
5942
5943
5916
5944
5917
5945
5918
5946
5919
5947
5920
5948
5921
5949
5922
5950
5923
5951
5924
5952
5925
5953
5926
5954
5927
5955
5928
5956
5929
5957
5930
5958
5931
5959
5932
5960
5933
5961
5934
5962
5935
5963
5936
5964
5937
5965
5938
5966
5939
5967
5940
5968
5941
5969
5942
5970
5943
5971
5972
5945
5973
5946
5974
5947
5975
5948
5976
5949
5977
5950
5978
5951
5979
5952
5980
5953
5981
5954
5982
5955
5983
5956
5984
5957
5985
5958
5986
5959
5987
5960
5988
5961
5989
5962
5990
5963
5991
5964
5992
5965
5993
5966
5994
5967
5995
5968
5996
5969
5997
5970
5998
5971
5999
5972
6000
6001
5974
6002
5975
6003
5976
6004
5977
6005
5978
6006
5979
6007
5980
6008
5981
6009
5982
6010
5983
6011
5984
6012
5985
6013
5986
6014
5987
6015
5988
6016
5989
6017
5990
6018
5991
6019
5992
6020
5993
6021
5994
6022
5995
6023
5996
6024
5997
6025
5998
6026
5999
6027
6000
6028
6001
6029
6030
6003
6031
6004
6032
6005
6033
6006
6034
6007
6035
6008
6036
6009
6037
6010
6038
6011
6039
6012
6040
6013
6041
6014
6042
6015
6043
6016
6044
6017
6045
6018
6046
6019
6047
6020
6048
6021
6049
6022
6050
6023
6051
6024
6052
6025
6053
6026
6054
6027
6055
6028
6056
6029
6057
6030
6058
6059
6032
6060
6033
6061
6034
6062
6035
6063
6036
6064
6037
6065
6038
6066
6039
6067
6040
6068
6041
6069
6042
6070
6043
6071
6044
6072
6045
6073
6046
6074
6047
6075
6048
6076
6049
6077
6050
6078
6051
6079
6052
6080
6053
6081
6054
6082
6055
6083
6056
6084
6057
6085
6058
6086
6059
6087
6088
6061
6089
6062
6090
6063
6091
6064
6092
6065
6093
6066
6094
6067
6095
6068
6096
6069
6097
6070
6098
6071
6099
6072
6100
6073
6101
6074
6102
6075
6103
6076
6104
6077
6105
6078
6106
6079
6107
6080
6108
6081
6109
6082
6110
6083
6111
6084
6112
6085
6113
6086
6114
6087
6115
6088
6116
6117
6090
6118
6091
6119
6092
6120
6093
6121
6094
6122
6095
6123
6096
6124
6097
6125
6098
6126
6099
6127
6100
6128
6101
6129
6102
6130
6103
6131
6104
6132
6105
6133
6106
6134
6107
6135
6108
6136
6109
6137
6110
6138
6111
6139
6112
6140
6113
6141
6114
6142
6115
6143
6116
6144
6117
6145
6146
6119
6147
6120
6148
6121
6149
6122
6150
6123
6151
6124
6152
6125
6153
6126
6154
6127
6155
6128
6156
6129
6157
6130
6158
6131
6159
6132
6160
6133
6161
6134
6162
6135
6163
6136
6164
6137
6165
6138
6166
6139
6167
6140
6168
6141
6169
6142
6170
6143
6171
6144
6172
6145
6173
6146
6174
6175
6148
6176
6149
6177
6150
6178
6151
6179
6152
6180
6153
6181
6154
6182
6155
6183
6156
6184
6157
6185
6158
6186
6159
6187
6160
6188
6161
6189
6162
6190
6163
6191
6164
6192
6165
6193
6166
6194
6167
6195
6168
6196
6169
6197
6170
6198
6171
6199
6172
6200
6173
6201
6174
6202
6175
6203
6204
6177
6205
6178
6206
6179
6207
6180
6208
6181
6209
6182
6210
6183
6211
6184
6212
6185
6213
6186
6214
6187
6215
6188
6216
6189
6217
6190
6218
6191
6219
6192
6220
6193
6221
6194
6222
6195
6223
6196
6224
6197
6225
6198
6226
6199
6227
6200
6228
6201
6229
6202
6230
6203
6231
6204
6232
6233
6206
6234
6207
6235
6208
6236
6209
6237
6210
6238
6211
6239
6212
6240
6213
6241
6214
6242
6215
6243
6216
6244
6217
6245
6218
6246
6219
6247
6220
6248
6221
6249
6222
6250
6223
6251
6224
6252
6225
6253
6226
6254
6227
6255
6228
6256
6229
6257
6230
6258
6231
6259
6232
6260
6233
6261
6262
6235
6263
6236
6264
6237
6265
6238
6266
6239
6267
6240
6268
6241
6269
6242
6270
6243
6271
6244
6272
6245
6273
6246
6274
6247
6275
6248
6276
6249
6277
6250
6278
6251
6279
6252
6280
6253
6281
6254
6282
6255
6283
6256
6284
6257
6285
6258
6286
6259
6287
6260
6288
6261
6289
6262
6290
6291
6264
6292
6265
6293
6266
6294
6267
6295
6268
6296
6269
6297
6270
6298
6271
6299
6272
6300
6273
6301
6274
6302
6275
6303
6276
6304
6277
6305
6278
6306
6279
6307
6280
6308
6281
6309
6282
6310
6283
6311
6284
6312
6285
6313
6286
6314
6287
6315
6288
6316
6289
6317
6290
6318
6291
6319
6320
6293
6321
6294
6322
6295
6323
6296
6324
6297
6325
6298
6326
6299
6327
6300
6328
6301
6329
6302
6330
6303
6331
6304
6332
6305
6333
6306
6334
6307
6335
6308
6336
6309
6337
6310
6338
6311
6339
6312
6340
6313
6341
6314
6342
6315
6343
6316
6344
6317
6345
6318
6346
6319
6347
6320
6348
6349
6322
6350
6323
6351
6324
6352
6325
6353
6326
6354
6327
6355
6328
6356
6329
6357
6330
6358
6331
6359
6332
6360
6333
6361
6334
6362
6335
6363
6336
6364
6337
6365
6338
6366
6339
6367
6340
6368
6341
6369
6342
6370
6343
6371
6344
6372
6345
6373
6346
6374
6347
6375
6348
6376
6349
6377
6378
6351
6379
6352
6380
6353
6381
6354
6382
6355
6383
6356
6384
6357
6385
6358
6386
6359
6387
6360
6388
6361
6389
6362
6390
6363
6391
6364
6392
6365
6393
6366
6394
6367
6395
6368
6396
6369
6397
6370
6398
6371
6399
6372
6400
6373
6401
6374
6402
6375
6403
6376
6404
6377
6405
6378
6406
6407
6380
6408
6381
6409
6382
6410
6383
6411
6384
6412
6385
6413
6386
6414
6387
6415
6388
6416
6389
6417
6390
6418
6391
6419
6392
6420
6393
6421
6394
6422
6395
6423
6396
6424
6397
6425
6398
6426
6399
6427
6400
6428
6401
6429
6402
6430
6403
6431
6404
6432
6405
6433
6406
6434
6407
6435
6436
6409
6437
6410
6438
6411
6439
6412
6440
6413
6441
6414
6442
6415
6443
6416
6444
6417
6445
6418
6446
6419
6447
6420
6448
6421
6449
6422
6450
6423
6451
6424
6452
6425
6453
6426
6454
6427
6455
6428
6456
6429
6457
6430
6458
6431
6459
6432
6460
6433
6461
6434
6462
6435
6463
6436
6464
6465
6438
6466
6439
6467
6440
6468
6441
6469
6442
6470
6443
6471
6444
6472
6445
6473
6446
6474
6447
6475
6448
6476
6449
6477
6450
6478
6451
6479
6452
6480
6453
6481
6454
6482
6455
6483
6456
6484
6457
6485
6458
6486
6459
6487
6460
6488
6461
6489
6462
6490
6463
6491
6464
6492
6465
6493
6494
6467
6495
6468
6496
6469
6497
6470
6498
6471
6499
6472
6500
6473
6501
6474
6502
6475
6503
6476
6504
6477
6505
6478
6506
6479
6507
6480
6508
6481
6509
6482
6510
6483
6511
6484
6512
6485
6513
6486
6514
6487
6515
6488
6516
6489
6517
6490
6518
6491
6519
6492
6520
6493
6521
6494
6522
6523
6496
6524
6497
6525
6498
6526
6499
6527
6500
6528
6501
6529
6502
6530
6503
6531
6504
6532
6505
6533
6506
6534
6507
6535
6508
6536
6509
6537
6510
6538
6511
6539
6512
6540
6513
6541
6514
6542
6515
6543
6516
6544
6517
6545
6518
6546
6519
6547
6520
6548
6521
6549
6522
6550
6523
6551
6552
6525
6553
6526
6554
6527
6555
6528
6556
6529
6557
6530
6558
6531
6559
6532
6560
6533
6561
6534
6562
6535
6563
6536
6564
6537
6565
6538
6566
6539
6567
6540
6568
6541
6569
6542
6570
6543
6571
6544
6572
6545
6573
6546
6574
6547
6575
6548
6576
6549
6577
6550
6578
6551
6579
6552
6580
6581
6554
6582
6555
6583
6556
6584
6557
6585
6558
6586
6559
6587
6560
6588
6561
6589
6562
6590
6563
6591
6564
6592
6565
6593
6566
6594
6567
6595
6568
6596
6569
6597
6570
6598
6571
6599
6572
6600
6573
6601
6574
6602
6575
6603
6576
6604
6577
6605
6578
6606
6579
6607
6580
6608
6581
6609
6610
6583
6611
6584
6612
6585
6613
6586
6614
6587
6615
6588
6616
6589
6617
6590
6618
6591
6619
6592
6620
6593
6621
6594
6622
6595
6623
6596
6624
6597
6625
6598
6626
6599
6627
6600
6628
6601
6629
6602
6630
6603
6631
6604
6632
6605
6633
6606
6634
6607
6635
6608
6636
6609
6637
6610
6638
6639
6612
6640
6613
6641
6614
6642
6615
6643
6616
6644
6617
6645
6618
6646
6619
6647
6620
6648
6621
6649
6622
6650
6623
6651
6624
6652
6625
6653
6626
6654
6627
6655
6628
6656
6629
6657
6630
6658
6631
6659
6632
6660
6633
6661
6634
6662
6635
6663
6636
6664
6637
6665
6638
6666
6639
6667
6668
6641
6669
6642
6670
6643
6671
6644
6672
6645
6673
6646
6674
6647
6675
6648
6676
6649
6677
6650
6678
6651
6679
6652
6680
6653
6681
6654
6682
6655
6683
6656
6684
6657
6685
6658
6686
6659
6687
6660
6688
6661
6689
6662
6690
6663
6691
6664
6692
6665
6693
6666
6694
6667
6695
6668
6696
6697
6670
6698
6671
6699
6672
6700
6673
6701
6674
6702
6675
6703
6676
6704
6677
6705
6678
6706
6679
6707
6680
6708
6681
6709
6682
6710
6683
6711
6684
6712
6685
6713
6686
6714
6687
6715
6688
6716
6689
6717
6690
6718
6691
6719
6692
6720
6693
6721
6694
6722
6695
6723
6696
6724
6697
6725
6726
6699
6727
6700
6728
6701
6729
6702
6730
6703
6731
6704
6732
6705
6733
6706
6734
6707
6735
6708
6736
6709
6737
6710
6738
6711
6739
6712
6740
6713
6741
6714
6742
6715
6743
6716
6744
6717
6745
6718
6746
6719
6747
6720
6748
6721
6749
6722
6750
6723
6751
6724
6752
6725
6753
6726
6754
6755
6728
6756
6729
6757
6730
6758
6731
6759
6732
6760
6733
6761
6734
6762
6735
6763
6736
6764
6737
6765
6738
6766
6739
6767
6740
6768
6741
6769
6742
6770
6743
6771
6744
6772
6745
6773
6746
6774
6747
6775
6748
6776
6749
6777
6750
6778
6751
6779
6752
6780
6753
6781
6754
6782
6755
6783
6784
6757
6785
6758
6786
6759
6787
6760
6788
6761
6789
6762
6790
6763
6791
6764
6792
6765
6793
6766
6794
6767
6795
6768
6796
6769
6797
6770
6798
6771
6799
6772
6800
6773
6801
6774
6802
6775
6803
6776
6804
6777
6805
6778
6806
6779
6807
6780
6808
6781
6809
6782
6810
6783
6811
6784
6812
6813
6786
6814
6787
6815
6788
6816
6789
6817
6790
6818
6791
6819
6792
6820
6793
6821
6794
6822
6795
6823
6796
6824
6797
6825
6798
6826
6799
6827
6800
6828
6801
6829
6802
6830
6803
6831
6804
6832
6805
6833
6806
6834
6807
6835
6808
6836
6809
6837
6810
6838
6811
6839
6812
6840
6813
6841
6842
6815
6843
6816
6844
6817
6845
6818
6846
6819
6847
6820
6848
6821
6849
6822
6850
6823
6851
6824
6852
6825
6853
6826
6854
6827
6855
6828
6856
6829
6857
6830
6858
6831
6859
6832
6860
6833
6861
6834
6862
6835
6863
6836
6864
6837
6865
6838
6866
6839
6867
6840
6868
6841
6869
6842
6870
6871
6844
6872
6845
6873
6846
6874
6847
6875
6848
6876
6849
6877
6850
6878
6851
6879
6852
6880
6853
6881
6854
6882
6855
6883
6856
6884
6857
6885
6858
6886
6859
6887
6860
6888
6861
6889
6862
6890
6863
6891
6864
6892
6865
6893
6866
6894
6867
6895
6868
6896
6869
6897
6870
6898
6871
6899
6900
6873
6901
6874
6902
6875
6903
6876
6904
6877
6905
6878
6906
6879
6907
6880
6908
6881
6909
6882
6910
6883
6911
6884
6912
6885
6913
6886
6914
6887
6915
6888
6916
6889
6917
6890
6918
6891
6919
6892
6920
6893
6921
6894
6922
6895
6923
6896
6924
6897
6925
6898
6926
6899
6927
6900
6928
6929
6902
6930
6903
6931
6904
6932
6905
6933
6906
6934
6907
6935
6908
6936
6909
6937
6910
6938
6911
6939
6912
6940
6913
6941
6914
6942
6915
6943
6916
6944
6917
6945
6918
6946
6919
6947
6920
6948
6921
6949
6922
6950
6923
6951
6924
6952
6925
6953
6926
6954
6927
6955
6928
6956
6929
6957
6958
6931
6959
6932
6960
6933
6961
6934
6962
6935
6963
6936
6964
6937
6965
6938
6966
6939
6967
6940
6968
6941
6969
6942
6970
6943
6971
6944
6972
6945
6973
6946
6974
6947
6975
6948
6976
6949
6977
6950
6978
6951
6979
6952
6980
6953
6981
6954
6982
6955
6983
6956
6984
6957
6985
6958
6986
6987
6960
6988
6961
6989
6962
6990
6963
6991
6964
6992
6965
6993
6966
6994
6967
6995
6968
6996
6969
6997
6970
6998
6971
6999
6972
7000
6973
7001
6974
7002
6975
7003
6976
7004
6977
7005
6978
7006
6979
7007
6980
7008
6981
7009
6982
7010
6983
7011
6984
7012
6985
7013
6986
7014
6987
7015
7016
6989
7017
6990
7018
6991
7019
6992
7020
6993
7021
6994
7022
6995
7023
6996
7024
6997
7025
6998
7026
6999
7027
7000
7028
7001
7029
7002
7030
7003
7031
7004
7032
7005
7033
7006
7034
7007
7035
7008
7036
7009
7037
7010
7038
7011
7039
7012
7040
7013
7041
7014
7042
7015
7043
7016
7044
7045
7018
7046
7019
7047
7020
7048
7021
7049
7022
7050
7023
7051
7024
7052
7025
7053
7026
7054
7027
7055
7028
7056
7029
7057
7030
7058
7031
7059
7032
7060
7033
7061
7034
7062
7035
7063
7036
7064
7037
7065
7038
7066
7039
7067
7040
7068
7041
7069
7042
7070
7043
7071
7044
7072
7045
7073
7074
7047
7075
7048
7076
7049
7077
7050
7078
7051
7079
7052
7080
7053
7081
7054
7082
7055
7083
7056
7084
7057
7085
7058
7086
7059
7087
7060
7088
7061
7089
7062
7090
7063
7091
7064
7092
7065
7093
7066
7094
7067
7095
7068
7096
7069
7097
7070
7098
7071
7099
7072
7100
7073
7101
7074
7102
7103
7076
7104
7077
7105
7078
7106
7079
7107
7080
7108
7081
7109
7082
7110
7083
7111
7084
7112
7085
7113
7086
7114
7087
7115
7088
7116
7089
7117
7090
7118
7091
7119
7092
7120
7093
7121
7094
7122
7095
7123
7096
7124
7097
7125
7098
7126
7099
7127
7100
7128
7101
7129
7102
7130
7103
7131
7132
7105
7133
7106
7134
7107
7135
7108
7136
7109
7137
7110
7138
7111
7139
7112
7140
7113
7141
7114
7142
7115
7143
7116
7144
7117
7145
7118
7146
7119
7147
7120
7148
7121
7149
7122
7150
7123
7151
7124
7152
7125
7153
7126
7154
7127
7155
7128
7156
7129
7157
7130
7158
7131
7159
7132
7160
7161
7134
7162
7135
7163
7136
7164
7137
7165
7138
7166
7139
7167
7140
7168
7141
7169
7142
7170
7143
7171
7144
7172
7145
7173
7146
7174
7147
7175
7148
7176
7149
7177
7150
7178
7151
7179
7152
7180
7153
7181
7154
7182
7155
7183
7156
7184
7157
7185
7158
7186
7159
7187
7160
7188
7161
7189
7190
7163
7191
7164
7192
7165
7193
7166
7194
7167
7195
7168
7196
7169
7197
7170
7198
7171
7199
7172
7200
7173
7201
7174
7202
7175
7203
7176
7204
7177
7205
7178
7206
7179
7207
7180
7208
7181
7209
7182
7210
7183
7211
7184
7212
7185
7213
7186
7214
7187
7215
7188
7216
7189
7217
7190
7218
7219
7192
7220
7193
7221
7194
7222
7195
7223
7196
7224
7197
7225
7198
7226
7199
7227
7200
7228
7201
7229
7202
7230
7203
7231
7204
7232
7205
7233
7206
7234
7207
7235
7208
7236
7209
7237
7210
7238
7211
7239
7212
7240
7213
7241
7214
7242
7215
7243
7216
7244
7217
7245
7218
7246
7219
7247
7248
7221
7249
7222
7250
7223
7251
7224
7252
7225
7253
7226
7254
7227
7255
7228
7256
7229
7257
7230
7258
7231
7259
7232
7260
7233
7261
7234
7262
7235
7263
7236
7264
7237
7265
7238
7266
7239
7267
7240
7268
7241
7269
7242
7270
7243
7271
7244
7272
7245
7273
7246
7274
7247
7275
7248
7276
7277
7250
7278
7251
7279
7252
7280
7253
7281
7254
7282
7255
7283
7256
7284
7257
7285
7258
7286
7259
7287
7260
7288
7261
7289
7262
7290
7263
7291
7264
7292
7265
7293
7266
7294
7267
7295
7268
7296
7269
7297
7270
7298
7271
7299
7272
7300
7273
7301
7274
7302
7275
7303
7276
7304
7277
7305
7306
7279
7307
7280
7308
7281
7309
7282
7310
7283
7311
7284
7312
7285
7313
7286
7314
7287
7315
7288
7316
7289
7317
7290
7318
7291
7319
7292
7320
7293
7321
7294
7322
7295
7323
7296
7324
7297
7325
7298
7326
7299
7327
7300
7328
7301
7329
7302
7330
7303
7331
7304
7332
7305
7333
7306
7334
7335
7308
7336
7309
7337
7310
7338
7311
7339
7312
7340
7313
7341
7314
7342
7315
7343
7316
7344
7317
7345
7318
7346
7319
7347
7320
7348
7321
7349
7322
7350
7323
7351
7324
7352
7325
7353
7326
7354
7327
7355
7328
7356
7329
7357
7330
7358
7331
7359
7332
7360
7333
7361
7334
7362
7335
7363
7364
7337
7365
7338
7366
7339
7367
7340
7368
7341
7369
7342
7370
7343
7371
7344
7372
7345
7373
7346
7374
7347
7375
7348
7376
7349
7377
7350
7378
7351
7379
7352
7380
7353
7381
7354
7382
7355
7383
7356
7384
7357
7385
7358
7386
7359
7387
7360
7388
7361
7389
7362
7390
7363
7391
7364
7392
7393
7366
7394
7367
7395
7368
7396
7369
7397
7370
7398
7371
7399
7372
7400
7373
7401
7374
7402
7375
7403
7376
7404
7377
7405
7378
7406
7379
7407
7380
7408
7381
7409
7382
7410
7383
7411
7384
7412
7385
7413
7386
7414
7387
7415
7388
7416
7389
7417
7390
7418
7391
7419
7392
7420
7393
7421
7422
7395
7423
7396
7424
7397
7425
7398
7426
7399
7427
7400
7428
7401
7429
7402
7430
7403
7431
7404
7432
7405
7433
7406
7434
7407
7435
7408
7436
7409
7437
7410
7438
7411
7439
7412
7440
7413
7441
7414
7442
7415
7443
7416
7444
7417
7445
7418
7446
7419
7447
7420
7448
7421
7449
7422
7450
7451
7424
7452
7425
7453
7426
7454
7427
7455
7428
7456
7429
7457
7430
7458
7431
7459
7432
7460
7433
7461
7434
7462
7435
7463
7436
7464
7437
7465
7438
7466
7439
7467
7440
7468
7441
7469
7442
7470
7443
7471
7444
7472
7445
7473
7446
7474
7447
7475
7448
7476
7449
7477
7450
7478
7451
7479
7480
7453
7481
7454
7482
7455
7483
7456
7484
7457
7485
7458
7486
7459
7487
7460
7488
7461
7489
7462
7490
7463
7491
7464
7492
7465
7493
7466
7494
7467
7495
7468
7496
7469
7497
7470
7498
7471
7499
7472
7500
7473
7501
7474
7502
7475
7503
7476
7504
7477
7505
7478
7506
7479
7507
7480
7508
7509
7482
7510
7483
7511
7484
7512
7485
7513
7486
7514
7487
7515
7488
7516
7489
7517
7490
7518
7491
7519
7492
7520
7493
7521
7494
7522
7495
7523
7496
7524
7497
7525
7498
7526
7499
7527
7500
7528
7501
7529
7502
7530
7503
7531
7504
7532
7505
7533
7506
7534
7507
7535
7508
7536
7509
7537
7538
7511
7539
7512
7540
7513
7541
7514
7542
7515
7543
7516
7544
7517
7545
7518
7546
7519
7547
7520
7548
7521
7549
7522
7550
7523
7551
7524
7552
7525
7553
7526
7554
7527
7555
7528
7556
7529
7557
7530
7558
7531
7559
7532
7560
7533
7561
7534
7562
7535
7563
7536
7564
7537
7565
7538
7566
7567
7540
7568
7541
7569
7542
7570
7543
7571
7544
7572
7545
7573
7546
7574
7547
7575
7548
7576
7549
7577
7550
7578
7551
7579
7552
7580
7553
7581
7554
7582
7555
7583
7556
7584
7557
7585
7558
7586
7559
7587
7560
7588
7561
7589
7562
7590
7563
7591
7564
7592
7565
7593
7566
7594
7567
7595
7596
7569
7597
7570
7598
7571
7599
7572
7600
7573
7601
7574
7602
7575
7603
7576
7604
7577
7605
7578
7606
7579
7607
7580
7608
7581
7609
7582
7610
7583
7611
7584
7612
7585
7613
7586
7614
7587
7615
7588
7616
7589
7617
7590
7618
7591
7619
7592
7620
7593
7621
7594
7622
7595
7623
7596
7624
7625
7598
7626
7599
7627
7600
7628
7601
7629
7602
7630
7603
7631
7604
7632
7605
7633
7606
7634
7607
7635
7608
7636
7609
7637
7610
7638
7611
7639
7612
7640
7613
7641
7614
7642
7615
7643
7616
7644
7617
7645
7618
7646
7619
7647
7620
7648
7621
7649
7622
7650
7623
7651
7624
7652
7625
7653
7654
7627
7655
7628
7656
7629
7657
7630
7658
7631
7659
7632
7660
7633
7661
7634
7662
7635
7663
7636
7664
7637
7665
7638
7666
7639
7667
7640
7668
7641
7669
7642
7670
7643
7671
7644
7672
7645
7673
7646
7674
7647
7675
7648
7676
7649
7677
7650
7678
7651
7679
7652
7680
7653
7681
7654
7682
7683
7656
7684
7657
7685
7658
7686
7659
7687
7660
7688
7661
7689
7662
7690
7663
7691
7664
7692
7665
7693
7666
7694
7667
7695
7668
7696
7669
7697
7670
7698
7671
7699
7672
7700
7673
7701
7674
7702
7675
7703
7676
7704
7677
7705
7678
7706
7679
7707
7680
7708
7681
7709
7682
7710
7683
7711
7712
7685
7713
7686
7714
7687
7715
7688
7716
7689
7717
7690
7718
7691
7719
7692
7720
7693
7721
7694
7722
7695
7723
7696
7724
7697
7725
7698
7726
7699
7727
7700
7728
7701
7729
7702
7730
7703
7731
7704
7732
7705
7733
7706
7734
7707
7735
7708
7736
7709
7737
7710
7738
7711
7739
7712
7740
7741
7714
7742
7715
7743
7716
7744
7717
7745
7718
7746
7719
7747
7720
7748
7721
7749
7722
7750
7723
7751
7724
7752
7725
7753
7726
7754
7727
7755
7728
7756
7729
7757
7730
7758
7731
7759
7732
7760
7733
7761
7734
7762
7735
7763
7736
7764
7737
7765
7738
7766
7739
7767
7740
7768
7741
7769
7770
7743
7771
7744
7772
7745
7773
7746
7774
7747
7775
7748
7776
7749
7777
7750
7778
7751
7779
7752
7780
7753
7781
7754
7782
7755
7783
7756
7784
7757
7785
7758
7786
7759
7787
7760
7788
7761
7789
7762
7790
7763
7791
7764
7792
7765
7793
7766
7794
7767
7795
7768
7796
7769
7797
7770
7798
7799
7772
7800
7773
7801
7774
7802
7775
7803
7776
7804
7777
7805
7778
7806
7779
7807
7780
7808
7781
7809
7782
7810
7783
7811
7784
7812
7785
7813
7786
7814
7787
7815
7788
7816
7789
7817
7790
7818
7791
7819
7792
7820
7793
7821
7794
7822
7795
7823
7796
7824
7797
7825
7798
7826
7799
7827
7828
7801
7829
7802
7830
7803
7831
7804
7832
7805
7833
7806
7834
7807
7835
7808
7836
7809
7837
7810
7838
7811
7839
7812
7840
7813
7841
7814
7842
7815
7843
7816
7844
7817
7845
7818
7846
7819
7847
7820
7848
7821
7849
7822
7850
7823
7851
7824
7852
7825
7853
7826
7854
7827
7855
7828
7856
7857
7830
7858
7831
7859
7832
7860
7833
7861
7834
7862
7835
7863
7836
7864
7837
7865
7838
7866
7839
7867
7840
7868
7841
7869
7842
7870
7843
7871
7844
7872
7845
7873
7846
7874
7847
7875
7848
7876
7849
7877
7850
7878
7851
7879
7852
7880
7853
7881
7854
7882
7855
7883
7856
7884
7857
7885
7886
7859
7887
7860
7888
7861
7889
7862
7890
7863
7891
7864
7892
7865
7893
7866
7894
7867
7895
7868
7896
7869
7897
7870
7898
7871
7899
7872
7900
7873
7901
7874
7902
7875
7903
7876
7904
7877
7905
7878
7906
7879
7907
7880
7908
7881
7909
7882
7910
7883
7911
7884
7912
7885
7913
7886
7914
7915
7888
7916
7889
7917
7890
7918
7891
7919
7892
7920
7893
7921
7894
7922
7895
7923
7896
7924
7897
7925
7898
7926
7899
7927
7900
7928
7901
7929
7902
7930
7903
7931
7904
7932
7905
7933
7906
7934
7907
7935
7908
7936
7909
7937
7910
7938
7911
7939
7912
7940
7913
7941
7914
7942
7915
7943
7944
7917
7945
7918
7946
7919
7947
7920
7948
7921
7949
7922
7950
7923
7951
7924
7952
7925
7953
7926
7954
7927
7955
7928
7956
7929
7957
7930
7958
7931
7959
7932
7960
7933
7961
7934
7962
7935
7963
7936
7964
7937
7965
7938
7966
7939
7967
7940
7968
7941
7969
7942
7970
7943
7971
7944
7972
7973
7946
7974
7947
7975
7948
7976
7949
7977
7950
7978
7951
7979
7952
7980
7953
7981
7954
7982
7955
7983
7956
7984
7957
7985
7958
7986
7959
7987
7960
7988
7961
7989
7962
7990
7963
7991
7964
7992
7965
7993
7966
7994
7967
7995
7968
7996
7969
7997
7970
7998
7971
7999
7972
8000
7973
8001
8002
7975
8003
7976
8004
7977
8005
7978
8006
7979
8007
7980
8008
7981
8009
7982
8010
7983
8011
7984
8012
7985
8013
7986
8014
7987
8015
7988
8016
7989
8017
7990
8018
7991
8019
7992
8020
7993
8021
7994
8022
7995
8023
7996
8024
7997
8025
7998
8026
7999
8027
8000
8028
8001
8029
8002
8030
8031
8004
8032
8005
8033
8006
8034
8007
8035
8008
8036
8009
8037
8010
8038
8011
8039
8012
8040
8013
8041
8014
8042
8015
8043
8016
8044
8017
8045
8018
8046
8019
8047
8020
8048
8021
8049
8022
8050
8023
8051
8024
8052
8025
8053
8026
8054
8027
8055
8028
8056
8029
8057
8030
8058
8031
8059
8060
8033
8061
8034
8062
8035
8063
8036
8064
8037
8065
8038
8066
8039
8067
8040
8068
8041
8069
8042
8070
8043
8071
8044
8072
8045
8073
8046
8074
8047
8075
8048
8076
8049
8077
8050
8078
8051
8079
8052
8080
8053
8081
8054
8082
8055
8083
8056
8084
8057
8085
8058
8086
8059
8087
8060
8088
8089
8062
8090
8063
8091
8064
8092
8065
8093
8066
8094
8067
8095
8068
8096
8069
8097
8070
8098
8071
8099
8072
8100
8073
8101
8074
8102
8075
8103
8076
8104
8077
8105
8078
8106
8079
8107
8080
8108
8081
8109
8082
8110
8083
8111
8084
8112
8085
8113
8086
8114
8087
8115
8088
8116
8089
8117
8118
8091
8119
8092
8120
8093
8121
8094
8122
8095
8123
8096
8124
8097
8125
8098
8126
8099
8127
8100
8128
8101
8129
8102
8130
8103
8131
8104
8132
8105
8133
8106
8134
8107
8135
8108
8136
8109
8137
8110
8138
8111
8139
8112
8140
8113
8141
8114
8142
8115
8143
8116
8144
8117
8145
8118
8146
8147
8120
8148
8121
8149
8122
8150
8123
8151
8124
8152
8125
8153
8126
8154
8127
8155
8128
8156
8129
8157
8130
8158
8131
8159
8132
8160
8133
8161
8134
8162
8135
8163
8136
8164
8137
8165
8138
8166
8139
8167
8140
8168
8141
8169
8142
8170
8143
8171
8144
8172
8145
8173
8146
8174
8147
8175
8176
8149
8177
8150
8178
8151
8179
8152
8180
8153
8181
8154
8182
8155
8183
8156
8184
8157
8185
8158
8186
8159
8187
8160
8188
8161
8189
8162
8190
8163
8191
8164
8192
8165
8193
8166
8194
8167
8195
8168
8196
8169
8197
8170
8198
8171
8199
8172
8200
8173
8201
8174
8202
8175
8203
8176
8204
8205
8178
8206
8179
8207
8180
8208
8181
8209
8182
8210
8183
8211
8184
8212
8185
8213
8186
8214
8187
8215
8188
8216
8189
8217
8190
8218
8191
8219
8192
8220
8193
8221
8194
8222
8195
8223
8196
8224
8197
8225
8198
8226
8199
8227
8200
8228
8201
8229
8202
8230
8203
8231
8204
8232
8205
8233
8234
8207
8235
8208
8236
8209
8237
8210
8238
8211
8239
8212
8240
8213
8241
8214
8242
8215
8243
8216
8244
8217
8245
8218
8246
8219
8247
8220
8248
8221
8249
8222
8250
8223
8251
8224
8252
8225
8253
8226
8254
8227
8255
8228
8256
8229
8257
8230
8258
8231
8259
8232
8260
8233
8261
8234
8262
8263
8236
8264
8237
8265
8238
8266
8239
8267
8240
8268
8241
8269
8242
8270
8243
8271
8244
8272
8245
8273
8246
8274
8247
8275
8248
8276
8249
8277
8250
8278
8251
8279
8252
8280
8253
8281
8254
8282
8255
8283
8256
8284
8257
8285
8258
8286
8259
8287
8260
8288
8261
8289
8262
8290
8263
8291
8292
8265
8293
8266
8294
8267
8295
8268
8296
8269
8297
8270
8298
8271
8299
8272
8300
8273
8301
8274
8302
8275
8303
8276
8304
8277
8305
8278
8306
8279
8307
8280
8308
8281
8309
8282
8310
8283
8311
8284
8312
8285
8313
8286
8314
8287
8315
8288
8316
8289
8317
8290
8318
8291
8319
8292
8320
8321
8294
8322
8295
8323
8296
8324
8297
8325
8298
8326
8299
8327
8300
8328
8301
8329
8302
8330
8303
8331
8304
8332
8305
8333
8306
8334
8307
8335
8308
8336
8309
8337
8310
8338
8311
8339
8312
8340
8313
8341
8314
8342
8315
8343
8316
8344
8317
8345
8318
8346
8319
8347
8320
8348
8321
8349
8350
8323
8351
8324
8352
8325
8353
8326
8354
8327
8355
8328
8356
8329
8357
8330
8358
8331
8359
8332
8360
8333
8361
8334
8362
8335
8363
8336
8364
8337
8365
8338
8366
8339
8367
8340
8368
8341
8369
8342
8370
8343
8371
8344
8372
8345
8373
8346
8374
8347
8375
8348
8376
8349
8377
8350
8378
8379
8352
8380
8353
8381
8354
8382
8355
8383
8356
8384
8357
8385
8358
8386
8359
8387
8360
8388
8361
8389
8362
8390
8363
8391
8364
8392
8365
8393
8366
8394
8367
8395
8368
8396
8369
8397
8370
8398
8371
8399
8372
8400
8373
8401
8374
8402
8375
8403
8376
8404
8377
8405
8378
8406
8379
8407
8408
8381
8409
8382
8410
8383
8411
8384
8412
8385
8413
8386
8414
8387
8415
8388
8416
8389
8417
8390
8418
8391
8419
8392
8420
8393
8421
8394
8422
8395
8423
8396
8424
8397
8425
8398
8426
8399
8427
8400
8428
8401
8429
8402
8430
8403
8431
8404
8432
8405
8433
8406
8434
8407
8435
8408
8436
8437
8410
8438
8411
8439
8412
8440
8413
8441
8414
8442
8415
8443
8416
8444
8417
8445
8418
8446
8419
8447
8420
8448
8421
8449
8422
8450
8423
8451
8424
8452
8425
8453
8426
8454
8427
8455
8428
8456
8429
8457
8430
8458
8431
8459
8432
8460
8433
8461
8434
8462
8435
8463
8436
8464
8437
8465
8466
8439
8467
8440
8468
8441
8469
8442
8470
8443
8471
8444
8472
8445
8473
8446
8474
8447
8475
8448
8476
8449
8477
8450
8478
8451
8479
8452
8480
8453
8481
8454
8482
8455
8483
8456
8484
8457
8485
8458
8486
8459
8487
8460
8488
8461
8489
8462
8490
8463
8491
8464
8492
8465
8493
8466
8494
8495
8468
8496
8469
8497
8470
8498
8471
8499
8472
8500
8473
8501
8474
8502
8475
8503
8476
8504
8477
8505
8478
8506
8479
8507
8480
8508
8481
8509
8482
8510
8483
8511
8484
8512
8485
8513
8486
8514
8487
8515
8488
8516
8489
8517
8490
8518
8491
8519
8492
8520
8493
8521
8494
8522
8495
8523
8524
8497
8525
8498
8526
8499
8527
8500
8528
8501
8529
8502
8530
8503
8531
8504
8532
8505
8533
8506
8534
8507
8535
8508
8536
8509
8537
8510
8538
8511
8539
8512
8540
8513
8541
8514
8542
8515
8543
8516
8544
8517
8545
8518
8546
8519
8547
8520
8548
8521
8549
8522
8550
8523
8551
8524
8552
8553
8526
8554
8527
8555
8528
8556
8529
8557
8530
8558
8531
8559
8532
8560
8533
8561
8534
8562
8535
8563
8536
8564
8537
8565
8538
8566
8539
8567
8540
8568
8541
8569
8542
8570
8543
8571
8544
8572
8545
8573
8546
8574
8547
8575
8548
8576
8549
8577
8550
8578
8551
8579
8552
8580
8553
8581
8582
8555
8583
8556
8584
8557
8585
8558
8586
8559
8587
8560
8588
8561
8589
8562
8590
8563
8591
8564
8592
8565
8593
8566
8594
8567
8595
8568
8596
8569
8597
8570
8598
8571
8599
8572
8600
8573
8601
8574
8602
8575
8603
8576
8604
8577
8605
8578
8606
8579
8607
8580
8608
8581
8609
8582
8610
8611
8584
8612
8585
8613
8586
8614
8587
8615
8588
8616
8589
8617
8590
8618
8591
8619
8592
8620
8593
8621
8594
8622
8595
8623
8596
8624
8597
8625
8598
8626
8599
8627
8600
8628
8601
8629
8602
8630
8603
8631
8604
8632
8605
8633
8606
8634
8607
8635
8608
8636
8609
8637
8610
8638
8611
8639
8640
8613
8641
8614
8642
8615
8643
8616
8644
8617
8645
8618
8646
8619
8647
8620
8648
8621
8649
8622
8650
8623
8651
8624
8652
8625
8653
8626
8654
8627
8655
8628
8656
8629
8657
8630
8658
8631
8659
8632
8660
8633
8661
8634
8662
8635
8663
8636
8664
8637
8665
8638
8666
8639
8667
8640
8668
8669
8642
8670
8643
8671
8644
8672
8645
8673
8646
8674
8647
8675
8648
8676
8649
8677
8650
8678
8651
8679
8652
8680
8653
8681
8654
8682
8655
8683
8656
8684
8657
8685
8658
8686
8659
8687
8660
8688
8661
8689
8662
8690
8663
8691
8664
8692
8665
8693
8666
8694
8667
8695
8668
8696
8669
8697
8698
8671
8699
8672
8700
8673
8701
8674
8702
8675
8703
8676
8704
8677
8705
8678
8706
8679
8707
8680
8708
8681
8709
8682
8710
8683
8711
8684
8712
8685
8713
8686
8714
8687
8715
8688
8716
8689
8717
8690
8718
8691
8719
8692
8720
8693
8721
8694
8722
8695
8723
8696
8724
8697
8725
8698
8726
8727
8700
8728
8701
8729
8702
8730
8703
8731
8704
8732
8705
8733
8706
8734
8707
8735
8708
8736
8709
8737
8710
8738
8711
8739
8712
8740
8713
8741
8714
8742
8715
8743
8716
8744
8717
8745
8718
8746
8719
8747
8720
8748
8721
8749
8722
8750
8723
8751
8724
8752
8725
8753
8726
8754
8727
8755
8756
8729
8757
8730
8758
8731
8759
8732
8760
8733
8761
8734
8762
8735
8763
8736
8764
8737
8765
8738
8766
8739
8767
8740
8768
8741
8769
8742
8770
8743
8771
8744
8772
8745
8773
8746
8774
8747
8775
8748
8776
8749
8777
8750
8778
8751
8779
8752
8780
8753
8781
8754
8782
8755
8783
8756
8784
8785
8758
8786
8759
8787
8760
8788
8761
8789
8762
8790
8763
8791
8764
8792
8765
8793
8766
8794
8767
8795
8768
8796
8769
8797
8770
8798
8771
8799
8772
8800
8773
8801
8774
8802
8775
8803
8776
8804
8777
8805
8778
8806
8779
8807
8780
8808
8781
8809
8782
8810
8783
8811
8784
8812
8785
8813
8814
8787
8815
8788
8816
8789
8817
8790
8818
8791
8819
8792
8820
8793
8821
8794
8822
8795
8823
8796
8824
8797
8825
8798
8826
8799
8827
8800
8828
8801
8829
8802
8830
8803
8831
8804
8832
8805
8833
8806
8834
8807
8835
8808
8836
8809
8837
8810
8838
8811
8839
8812
8840
8813
8841
8814
8842
8843
8816
8844
8817
8845
8818
8846
8819
8847
8820
8848
8821
8849
8822
8850
8823
8851
8824
8852
8825
8853
8826
8854
8827
8855
8828
8856
8829
8857
8830
8858
8831
8859
8832
8860
8833
8861
8834
8862
8835
8863
8836
8864
8837
8865
8838
8866
8839
8867
8840
8868
8841
8869
8842
8870
8843
8871
8872
8845
8873
8846
8874
8847
8875
8848
8876
8849
8877
8850
8878
8851
8879
8852
8880
8853
8881
8854
8882
8855
8883
8856
8884
8857
8885
8858
8886
8859
8887
8860
8888
8861
8889
8862
8890
8863
8891
8864
8892
8865
8893
8866
8894
8867
8895
8868
8896
8869
8897
8870
8898
8871
8899
8872
8900
8901
8874
8902
8875
8903
8876
8904
8877
8905
8878
8906
8879
8907
8880
8908
8881
8909
8882
8910
8883
8911
8884
8912
8885
8913
8886
8914
8887
8915
8888
8916
8889
8917
8890
8918
8891
8919
8892
8920
8893
8921
8894
8922
8895
8923
8896
8924
8897
8925
8898
8926
8899
8927
8900
8928
8901
8929
8930
8903
8931
8904
8932
8905
8933
8906
8934
8907
8935
8908
8936
8909
8937
8910
8938
8911
8939
8912
8940
8913
8941
8914
8942
8915
8943
8916
8944
8917
8945
8918
8946
8919
8947
8920
8948
8921
8949
8922
8950
8923
8951
8924
8952
8925
8953
8926
8954
8927
8955
8928
8956
8929
8957
8930
8958
8959
8932
8933
8934
8935
8936
8937
8938
8939
8940
8941
8942
8943
8944
8945
8946
8947
8948
8949
8950
8951
8952
8953
8954
8955
8956
8957
8958
8959
)


// ************************************************************************* //
