/*--------------------------------*- C++ -*----------------------------------*\
  =========                 |
  \\      /  F ield         | OpenFOAM: The Open Source CFD Toolbox
   \\    /   O peration     | Website:  https://openfoam.org
    \\  /    A nd           | Version:  12
     \\/     M anipulation  |
\*---------------------------------------------------------------------------*/
FoamFile
{
    format      ascii;
    class       faceList;
    location    "constant/polyMesh";
    object      faces;
}
// * * * * * * * * * * * * * * * * * * * * * * * * * * * * * * * * * * * * * //


3672
(
4(1216 432 204 416)
4(1216 220 8 432)
4(1217 433 205 417)
4(1217 1216 432 433)
4(1218 434 206 418)
4(1218 1217 433 434)
4(1219 435 207 419)
4(1219 1218 434 435)
4(1220 436 208 420)
4(1220 1219 435 436)
4(1221 437 209 421)
4(1221 1220 436 437)
4(1222 438 210 422)
4(1222 1221 437 438)
4(1223 439 211 423)
4(1223 1222 438 439)
4(318 1223 439 106)
4(1224 440 432 1216)
4(1224 221 9 440)
4(1225 441 433 1217)
4(1225 1224 440 441)
4(1226 442 434 1218)
4(1226 1225 441 442)
4(1227 443 435 1219)
4(1227 1226 442 443)
4(1228 444 436 1220)
4(1228 1227 443 444)
4(1229 445 437 1221)
4(1229 1228 444 445)
4(1230 446 438 1222)
4(1230 1229 445 446)
4(1231 447 439 1223)
4(1231 1230 446 447)
4(319 1231 447 107)
4(1232 448 440 1224)
4(1232 222 10 448)
4(1233 449 441 1225)
4(1233 1232 448 449)
4(1234 450 442 1226)
4(1234 1233 449 450)
4(1235 451 443 1227)
4(1235 1234 450 451)
4(1236 452 444 1228)
4(1236 1235 451 452)
4(1237 453 445 1229)
4(1237 1236 452 453)
4(1238 454 446 1230)
4(1238 1237 453 454)
4(1239 455 447 1231)
4(1239 1238 454 455)
4(320 1239 455 108)
4(1240 456 448 1232)
4(1240 223 11 456)
4(1241 457 449 1233)
4(1241 1240 456 457)
4(1242 458 450 1234)
4(1242 1241 457 458)
4(1243 459 451 1235)
4(1243 1242 458 459)
4(1244 460 452 1236)
4(1244 1243 459 460)
4(1245 461 453 1237)
4(1245 1244 460 461)
4(1246 462 454 1238)
4(1246 1245 461 462)
4(1247 463 455 1239)
4(1247 1246 462 463)
4(321 1247 463 109)
4(1248 464 456 1240)
4(1248 224 12 464)
4(1249 465 457 1241)
4(1249 1248 464 465)
4(1250 466 458 1242)
4(1250 1249 465 466)
4(1251 467 459 1243)
4(1251 1250 466 467)
4(1252 468 460 1244)
4(1252 1251 467 468)
4(1253 469 461 1245)
4(1253 1252 468 469)
4(1254 470 462 1246)
4(1254 1253 469 470)
4(1255 471 463 1247)
4(1255 1254 470 471)
4(322 1255 471 110)
4(1256 472 464 1248)
4(1256 225 13 472)
4(1257 473 465 1249)
4(1257 1256 472 473)
4(1258 474 466 1250)
4(1258 1257 473 474)
4(1259 475 467 1251)
4(1259 1258 474 475)
4(1260 476 468 1252)
4(1260 1259 475 476)
4(1261 477 469 1253)
4(1261 1260 476 477)
4(1262 478 470 1254)
4(1262 1261 477 478)
4(1263 479 471 1255)
4(1263 1262 478 479)
4(323 1263 479 111)
4(1264 480 472 1256)
4(1264 226 14 480)
4(1265 481 473 1257)
4(1265 1264 480 481)
4(1266 482 474 1258)
4(1266 1265 481 482)
4(1267 483 475 1259)
4(1267 1266 482 483)
4(1268 484 476 1260)
4(1268 1267 483 484)
4(1269 485 477 1261)
4(1269 1268 484 485)
4(1270 486 478 1262)
4(1270 1269 485 486)
4(1271 487 479 1263)
4(1271 1270 486 487)
4(324 1271 487 112)
4(1272 488 480 1264)
4(1272 227 15 488)
4(1273 489 481 1265)
4(1273 1272 488 489)
4(1274 490 482 1266)
4(1274 1273 489 490)
4(1275 491 483 1267)
4(1275 1274 490 491)
4(1276 492 484 1268)
4(1276 1275 491 492)
4(1277 493 485 1269)
4(1277 1276 492 493)
4(1278 494 486 1270)
4(1278 1277 493 494)
4(1279 495 487 1271)
4(1279 1278 494 495)
4(325 1279 495 113)
4(1280 496 488 1272)
4(1280 228 16 496)
4(1281 497 489 1273)
4(1281 1280 496 497)
4(1282 498 490 1274)
4(1282 1281 497 498)
4(1283 499 491 1275)
4(1283 1282 498 499)
4(1284 500 492 1276)
4(1284 1283 499 500)
4(1285 501 493 1277)
4(1285 1284 500 501)
4(1286 502 494 1278)
4(1286 1285 501 502)
4(1287 503 495 1279)
4(1287 1286 502 503)
4(326 1287 503 114)
4(1288 504 496 1280)
4(1288 229 17 504)
4(1289 505 497 1281)
4(1289 1288 504 505)
4(1290 506 498 1282)
4(1290 1289 505 506)
4(1291 507 499 1283)
4(1291 1290 506 507)
4(1292 508 500 1284)
4(1292 1291 507 508)
4(1293 509 501 1285)
4(1293 1292 508 509)
4(1294 510 502 1286)
4(1294 1293 509 510)
4(1295 511 503 1287)
4(1295 1294 510 511)
4(327 1295 511 115)
4(1296 512 504 1288)
4(1296 230 18 512)
4(1297 513 505 1289)
4(1297 1296 512 513)
4(1298 514 506 1290)
4(1298 1297 513 514)
4(1299 515 507 1291)
4(1299 1298 514 515)
4(1300 516 508 1292)
4(1300 1299 515 516)
4(1301 517 509 1293)
4(1301 1300 516 517)
4(1302 518 510 1294)
4(1302 1301 517 518)
4(1303 519 511 1295)
4(1303 1302 518 519)
4(328 1303 519 116)
4(1304 520 512 1296)
4(1304 231 19 520)
4(1305 521 513 1297)
4(1305 1304 520 521)
4(1306 522 514 1298)
4(1306 1305 521 522)
4(1307 523 515 1299)
4(1307 1306 522 523)
4(1308 524 516 1300)
4(1308 1307 523 524)
4(1309 525 517 1301)
4(1309 1308 524 525)
4(1310 526 518 1302)
4(1310 1309 525 526)
4(1311 527 519 1303)
4(1311 1310 526 527)
4(329 1311 527 117)
4(1312 528 520 1304)
4(1312 232 20 528)
4(1313 529 521 1305)
4(1313 1312 528 529)
4(1314 530 522 1306)
4(1314 1313 529 530)
4(1315 531 523 1307)
4(1315 1314 530 531)
4(1316 532 524 1308)
4(1316 1315 531 532)
4(1317 533 525 1309)
4(1317 1316 532 533)
4(1318 534 526 1310)
4(1318 1317 533 534)
4(1319 535 527 1311)
4(1319 1318 534 535)
4(330 1319 535 118)
4(1320 536 528 1312)
4(1320 233 21 536)
4(1321 537 529 1313)
4(1321 1320 536 537)
4(1322 538 530 1314)
4(1322 1321 537 538)
4(1323 539 531 1315)
4(1323 1322 538 539)
4(1324 540 532 1316)
4(1324 1323 539 540)
4(1325 541 533 1317)
4(1325 1324 540 541)
4(1326 542 534 1318)
4(1326 1325 541 542)
4(1327 543 535 1319)
4(1327 1326 542 543)
4(331 1327 543 119)
4(1328 544 536 1320)
4(1328 234 22 544)
4(1329 545 537 1321)
4(1329 1328 544 545)
4(1330 546 538 1322)
4(1330 1329 545 546)
4(1331 547 539 1323)
4(1331 1330 546 547)
4(1332 548 540 1324)
4(1332 1331 547 548)
4(1333 549 541 1325)
4(1333 1332 548 549)
4(1334 550 542 1326)
4(1334 1333 549 550)
4(1335 551 543 1327)
4(1335 1334 550 551)
4(332 1335 551 120)
4(1336 552 544 1328)
4(1336 235 23 552)
4(1337 553 545 1329)
4(1337 1336 552 553)
4(1338 554 546 1330)
4(1338 1337 553 554)
4(1339 555 547 1331)
4(1339 1338 554 555)
4(1340 556 548 1332)
4(1340 1339 555 556)
4(1341 557 549 1333)
4(1341 1340 556 557)
4(1342 558 550 1334)
4(1342 1341 557 558)
4(1343 559 551 1335)
4(1343 1342 558 559)
4(333 1343 559 121)
4(1344 560 552 1336)
4(1344 236 24 560)
4(1345 561 553 1337)
4(1345 1344 560 561)
4(1346 562 554 1338)
4(1346 1345 561 562)
4(1347 563 555 1339)
4(1347 1346 562 563)
4(1348 564 556 1340)
4(1348 1347 563 564)
4(1349 565 557 1341)
4(1349 1348 564 565)
4(1350 566 558 1342)
4(1350 1349 565 566)
4(1351 567 559 1343)
4(1351 1350 566 567)
4(334 1351 567 122)
4(1352 568 560 1344)
4(1352 237 25 568)
4(1353 569 561 1345)
4(1353 1352 568 569)
4(1354 570 562 1346)
4(1354 1353 569 570)
4(1355 571 563 1347)
4(1355 1354 570 571)
4(1356 572 564 1348)
4(1356 1355 571 572)
4(1357 573 565 1349)
4(1357 1356 572 573)
4(1358 574 566 1350)
4(1358 1357 573 574)
4(1359 575 567 1351)
4(1359 1358 574 575)
4(335 1359 575 123)
4(1360 576 568 1352)
4(1360 238 26 576)
4(1361 577 569 1353)
4(1361 1360 576 577)
4(1362 578 570 1354)
4(1362 1361 577 578)
4(1363 579 571 1355)
4(1363 1362 578 579)
4(1364 580 572 1356)
4(1364 1363 579 580)
4(1365 581 573 1357)
4(1365 1364 580 581)
4(1366 582 574 1358)
4(1366 1365 581 582)
4(1367 583 575 1359)
4(1367 1366 582 583)
4(336 1367 583 124)
4(1368 584 576 1360)
4(1368 239 27 584)
4(1369 585 577 1361)
4(1369 1368 584 585)
4(1370 586 578 1362)
4(1370 1369 585 586)
4(1371 587 579 1363)
4(1371 1370 586 587)
4(1372 588 580 1364)
4(1372 1371 587 588)
4(1373 589 581 1365)
4(1373 1372 588 589)
4(1374 590 582 1366)
4(1374 1373 589 590)
4(1375 591 583 1367)
4(1375 1374 590 591)
4(337 1375 591 125)
4(1376 592 584 1368)
4(1376 240 28 592)
4(1377 593 585 1369)
4(1377 1376 592 593)
4(1378 594 586 1370)
4(1378 1377 593 594)
4(1379 595 587 1371)
4(1379 1378 594 595)
4(1380 596 588 1372)
4(1380 1379 595 596)
4(1381 597 589 1373)
4(1381 1380 596 597)
4(1382 598 590 1374)
4(1382 1381 597 598)
4(1383 599 591 1375)
4(1383 1382 598 599)
4(338 1383 599 126)
4(1384 600 592 1376)
4(1384 241 29 600)
4(1385 601 593 1377)
4(1385 1384 600 601)
4(1386 602 594 1378)
4(1386 1385 601 602)
4(1387 603 595 1379)
4(1387 1386 602 603)
4(1388 604 596 1380)
4(1388 1387 603 604)
4(1389 605 597 1381)
4(1389 1388 604 605)
4(1390 606 598 1382)
4(1390 1389 605 606)
4(1391 607 599 1383)
4(1391 1390 606 607)
4(339 1391 607 127)
4(1392 608 600 1384)
4(1392 242 30 608)
4(1393 609 601 1385)
4(1393 1392 608 609)
4(1394 610 602 1386)
4(1394 1393 609 610)
4(1395 611 603 1387)
4(1395 1394 610 611)
4(1396 612 604 1388)
4(1396 1395 611 612)
4(1397 613 605 1389)
4(1397 1396 612 613)
4(1398 614 606 1390)
4(1398 1397 613 614)
4(1399 615 607 1391)
4(1399 1398 614 615)
4(340 1399 615 128)
4(1400 616 608 1392)
4(1400 243 31 616)
4(1401 617 609 1393)
4(1401 1400 616 617)
4(1402 618 610 1394)
4(1402 1401 617 618)
4(1403 619 611 1395)
4(1403 1402 618 619)
4(1404 620 612 1396)
4(1404 1403 619 620)
4(1405 621 613 1397)
4(1405 1404 620 621)
4(1406 622 614 1398)
4(1406 1405 621 622)
4(1407 623 615 1399)
4(1407 1406 622 623)
4(341 1407 623 129)
4(1408 624 616 1400)
4(1408 244 32 624)
4(1409 625 617 1401)
4(1409 1408 624 625)
4(1410 626 618 1402)
4(1410 1409 625 626)
4(1411 627 619 1403)
4(1411 1410 626 627)
4(1412 628 620 1404)
4(1412 1411 627 628)
4(1413 629 621 1405)
4(1413 1412 628 629)
4(1414 630 622 1406)
4(1414 1413 629 630)
4(1415 631 623 1407)
4(1415 1414 630 631)
4(342 1415 631 130)
4(1416 632 624 1408)
4(1416 245 33 632)
4(1417 633 625 1409)
4(1417 1416 632 633)
4(1418 634 626 1410)
4(1418 1417 633 634)
4(1419 635 627 1411)
4(1419 1418 634 635)
4(1420 636 628 1412)
4(1420 1419 635 636)
4(1421 637 629 1413)
4(1421 1420 636 637)
4(1422 638 630 1414)
4(1422 1421 637 638)
4(1423 639 631 1415)
4(1423 1422 638 639)
4(343 1423 639 131)
4(1424 640 632 1416)
4(1424 246 34 640)
4(1425 641 633 1417)
4(1425 1424 640 641)
4(1426 642 634 1418)
4(1426 1425 641 642)
4(1427 643 635 1419)
4(1427 1426 642 643)
4(1428 644 636 1420)
4(1428 1427 643 644)
4(1429 645 637 1421)
4(1429 1428 644 645)
4(1430 646 638 1422)
4(1430 1429 645 646)
4(1431 647 639 1423)
4(1431 1430 646 647)
4(344 1431 647 132)
4(1432 648 640 1424)
4(1432 247 35 648)
4(1433 649 641 1425)
4(1433 1432 648 649)
4(1434 650 642 1426)
4(1434 1433 649 650)
4(1435 651 643 1427)
4(1435 1434 650 651)
4(1436 652 644 1428)
4(1436 1435 651 652)
4(1437 653 645 1429)
4(1437 1436 652 653)
4(1438 654 646 1430)
4(1438 1437 653 654)
4(1439 655 647 1431)
4(1439 1438 654 655)
4(345 1439 655 133)
4(1440 656 648 1432)
4(1440 248 36 656)
4(1441 657 649 1433)
4(1441 1440 656 657)
4(1442 658 650 1434)
4(1442 1441 657 658)
4(1443 659 651 1435)
4(1443 1442 658 659)
4(1444 660 652 1436)
4(1444 1443 659 660)
4(1445 661 653 1437)
4(1445 1444 660 661)
4(1446 662 654 1438)
4(1446 1445 661 662)
4(1447 663 655 1439)
4(1447 1446 662 663)
4(346 1447 663 134)
4(1448 664 656 1440)
4(1448 249 37 664)
4(1449 665 657 1441)
4(1449 1448 664 665)
4(1450 666 658 1442)
4(1450 1449 665 666)
4(1451 667 659 1443)
4(1451 1450 666 667)
4(1452 668 660 1444)
4(1452 1451 667 668)
4(1453 669 661 1445)
4(1453 1452 668 669)
4(1454 670 662 1446)
4(1454 1453 669 670)
4(1455 671 663 1447)
4(1455 1454 670 671)
4(347 1455 671 135)
4(1456 672 664 1448)
4(1456 250 38 672)
4(1457 673 665 1449)
4(1457 1456 672 673)
4(1458 674 666 1450)
4(1458 1457 673 674)
4(1459 675 667 1451)
4(1459 1458 674 675)
4(1460 676 668 1452)
4(1460 1459 675 676)
4(1461 677 669 1453)
4(1461 1460 676 677)
4(1462 678 670 1454)
4(1462 1461 677 678)
4(1463 679 671 1455)
4(1463 1462 678 679)
4(348 1463 679 136)
4(1464 680 672 1456)
4(1464 251 39 680)
4(1465 681 673 1457)
4(1465 1464 680 681)
4(1466 682 674 1458)
4(1466 1465 681 682)
4(1467 683 675 1459)
4(1467 1466 682 683)
4(1468 684 676 1460)
4(1468 1467 683 684)
4(1469 685 677 1461)
4(1469 1468 684 685)
4(1470 686 678 1462)
4(1470 1469 685 686)
4(1471 687 679 1463)
4(1471 1470 686 687)
4(349 1471 687 137)
4(1472 688 680 1464)
4(1472 252 40 688)
4(1473 689 681 1465)
4(1473 1472 688 689)
4(1474 690 682 1466)
4(1474 1473 689 690)
4(1475 691 683 1467)
4(1475 1474 690 691)
4(1476 692 684 1468)
4(1476 1475 691 692)
4(1477 693 685 1469)
4(1477 1476 692 693)
4(1478 694 686 1470)
4(1478 1477 693 694)
4(1479 695 687 1471)
4(1479 1478 694 695)
4(350 1479 695 138)
4(1480 696 688 1472)
4(1480 253 41 696)
4(1481 697 689 1473)
4(1481 1480 696 697)
4(1482 698 690 1474)
4(1482 1481 697 698)
4(1483 699 691 1475)
4(1483 1482 698 699)
4(1484 700 692 1476)
4(1484 1483 699 700)
4(1485 701 693 1477)
4(1485 1484 700 701)
4(1486 702 694 1478)
4(1486 1485 701 702)
4(1487 703 695 1479)
4(1487 1486 702 703)
4(351 1487 703 139)
4(1488 704 696 1480)
4(1488 254 42 704)
4(1489 705 697 1481)
4(1489 1488 704 705)
4(1490 706 698 1482)
4(1490 1489 705 706)
4(1491 707 699 1483)
4(1491 1490 706 707)
4(1492 708 700 1484)
4(1492 1491 707 708)
4(1493 709 701 1485)
4(1493 1492 708 709)
4(1494 710 702 1486)
4(1494 1493 709 710)
4(1495 711 703 1487)
4(1495 1494 710 711)
4(352 1495 711 140)
4(1496 712 704 1488)
4(1496 255 43 712)
4(1497 713 705 1489)
4(1497 1496 712 713)
4(1498 714 706 1490)
4(1498 1497 713 714)
4(1499 715 707 1491)
4(1499 1498 714 715)
4(1500 716 708 1492)
4(1500 1499 715 716)
4(1501 717 709 1493)
4(1501 1500 716 717)
4(1502 718 710 1494)
4(1502 1501 717 718)
4(1503 719 711 1495)
4(1503 1502 718 719)
4(353 1503 719 141)
4(1504 720 712 1496)
4(1504 256 44 720)
4(1505 721 713 1497)
4(1505 1504 720 721)
4(1506 722 714 1498)
4(1506 1505 721 722)
4(1507 723 715 1499)
4(1507 1506 722 723)
4(1508 724 716 1500)
4(1508 1507 723 724)
4(1509 725 717 1501)
4(1509 1508 724 725)
4(1510 726 718 1502)
4(1510 1509 725 726)
4(1511 727 719 1503)
4(1511 1510 726 727)
4(354 1511 727 142)
4(1512 728 720 1504)
4(1512 257 45 728)
4(1513 729 721 1505)
4(1513 1512 728 729)
4(1514 730 722 1506)
4(1514 1513 729 730)
4(1515 731 723 1507)
4(1515 1514 730 731)
4(1516 732 724 1508)
4(1516 1515 731 732)
4(1517 733 725 1509)
4(1517 1516 732 733)
4(1518 734 726 1510)
4(1518 1517 733 734)
4(1519 735 727 1511)
4(1519 1518 734 735)
4(355 1519 735 143)
4(1520 736 728 1512)
4(1520 258 46 736)
4(1521 737 729 1513)
4(1521 1520 736 737)
4(1522 738 730 1514)
4(1522 1521 737 738)
4(1523 739 731 1515)
4(1523 1522 738 739)
4(1524 740 732 1516)
4(1524 1523 739 740)
4(1525 741 733 1517)
4(1525 1524 740 741)
4(1526 742 734 1518)
4(1526 1525 741 742)
4(1527 743 735 1519)
4(1527 1526 742 743)
4(356 1527 743 144)
4(1528 744 736 1520)
4(1528 259 47 744)
4(1529 745 737 1521)
4(1529 1528 744 745)
4(1530 746 738 1522)
4(1530 1529 745 746)
4(1531 747 739 1523)
4(1531 1530 746 747)
4(1532 748 740 1524)
4(1532 1531 747 748)
4(1533 749 741 1525)
4(1533 1532 748 749)
4(1534 750 742 1526)
4(1534 1533 749 750)
4(1535 751 743 1527)
4(1535 1534 750 751)
4(357 1535 751 145)
4(1536 752 744 1528)
4(1536 260 48 752)
4(1537 753 745 1529)
4(1537 1536 752 753)
4(1538 754 746 1530)
4(1538 1537 753 754)
4(1539 755 747 1531)
4(1539 1538 754 755)
4(1540 756 748 1532)
4(1540 1539 755 756)
4(1541 757 749 1533)
4(1541 1540 756 757)
4(1542 758 750 1534)
4(1542 1541 757 758)
4(1543 759 751 1535)
4(1543 1542 758 759)
4(358 1543 759 146)
4(1544 760 752 1536)
4(1544 261 49 760)
4(1545 761 753 1537)
4(1545 1544 760 761)
4(1546 762 754 1538)
4(1546 1545 761 762)
4(1547 763 755 1539)
4(1547 1546 762 763)
4(1548 764 756 1540)
4(1548 1547 763 764)
4(1549 765 757 1541)
4(1549 1548 764 765)
4(1550 766 758 1542)
4(1550 1549 765 766)
4(1551 767 759 1543)
4(1551 1550 766 767)
4(359 1551 767 147)
4(1552 768 760 1544)
4(1552 262 50 768)
4(1553 769 761 1545)
4(1553 1552 768 769)
4(1554 770 762 1546)
4(1554 1553 769 770)
4(1555 771 763 1547)
4(1555 1554 770 771)
4(1556 772 764 1548)
4(1556 1555 771 772)
4(1557 773 765 1549)
4(1557 1556 772 773)
4(1558 774 766 1550)
4(1558 1557 773 774)
4(1559 775 767 1551)
4(1559 1558 774 775)
4(360 1559 775 148)
4(1560 776 768 1552)
4(1560 263 51 776)
4(1561 777 769 1553)
4(1561 1560 776 777)
4(1562 778 770 1554)
4(1562 1561 777 778)
4(1563 779 771 1555)
4(1563 1562 778 779)
4(1564 780 772 1556)
4(1564 1563 779 780)
4(1565 781 773 1557)
4(1565 1564 780 781)
4(1566 782 774 1558)
4(1566 1565 781 782)
4(1567 783 775 1559)
4(1567 1566 782 783)
4(361 1567 783 149)
4(1568 784 776 1560)
4(1568 264 52 784)
4(1569 785 777 1561)
4(1569 1568 784 785)
4(1570 786 778 1562)
4(1570 1569 785 786)
4(1571 787 779 1563)
4(1571 1570 786 787)
4(1572 788 780 1564)
4(1572 1571 787 788)
4(1573 789 781 1565)
4(1573 1572 788 789)
4(1574 790 782 1566)
4(1574 1573 789 790)
4(1575 791 783 1567)
4(1575 1574 790 791)
4(362 1575 791 150)
4(1576 792 784 1568)
4(1576 265 53 792)
4(1577 793 785 1569)
4(1577 1576 792 793)
4(1578 794 786 1570)
4(1578 1577 793 794)
4(1579 795 787 1571)
4(1579 1578 794 795)
4(1580 796 788 1572)
4(1580 1579 795 796)
4(1581 797 789 1573)
4(1581 1580 796 797)
4(1582 798 790 1574)
4(1582 1581 797 798)
4(1583 799 791 1575)
4(1583 1582 798 799)
4(363 1583 799 151)
4(1584 800 792 1576)
4(1584 266 54 800)
4(1585 801 793 1577)
4(1585 1584 800 801)
4(1586 802 794 1578)
4(1586 1585 801 802)
4(1587 803 795 1579)
4(1587 1586 802 803)
4(1588 804 796 1580)
4(1588 1587 803 804)
4(1589 805 797 1581)
4(1589 1588 804 805)
4(1590 806 798 1582)
4(1590 1589 805 806)
4(1591 807 799 1583)
4(1591 1590 806 807)
4(364 1591 807 152)
4(1592 808 800 1584)
4(1592 267 55 808)
4(1593 809 801 1585)
4(1593 1592 808 809)
4(1594 810 802 1586)
4(1594 1593 809 810)
4(1595 811 803 1587)
4(1595 1594 810 811)
4(1596 812 804 1588)
4(1596 1595 811 812)
4(1597 813 805 1589)
4(1597 1596 812 813)
4(1598 814 806 1590)
4(1598 1597 813 814)
4(1599 815 807 1591)
4(1599 1598 814 815)
4(365 1599 815 153)
4(1600 816 808 1592)
4(1600 268 56 816)
4(1601 817 809 1593)
4(1601 1600 816 817)
4(1602 818 810 1594)
4(1602 1601 817 818)
4(1603 819 811 1595)
4(1603 1602 818 819)
4(1604 820 812 1596)
4(1604 1603 819 820)
4(1605 821 813 1597)
4(1605 1604 820 821)
4(1606 822 814 1598)
4(1606 1605 821 822)
4(1607 823 815 1599)
4(1607 1606 822 823)
4(366 1607 823 154)
4(1608 824 816 1600)
4(1608 269 57 824)
4(1609 825 817 1601)
4(1609 1608 824 825)
4(1610 826 818 1602)
4(1610 1609 825 826)
4(1611 827 819 1603)
4(1611 1610 826 827)
4(1612 828 820 1604)
4(1612 1611 827 828)
4(1613 829 821 1605)
4(1613 1612 828 829)
4(1614 830 822 1606)
4(1614 1613 829 830)
4(1615 831 823 1607)
4(1615 1614 830 831)
4(367 1615 831 155)
4(1616 832 824 1608)
4(1616 270 58 832)
4(1617 833 825 1609)
4(1617 1616 832 833)
4(1618 834 826 1610)
4(1618 1617 833 834)
4(1619 835 827 1611)
4(1619 1618 834 835)
4(1620 836 828 1612)
4(1620 1619 835 836)
4(1621 837 829 1613)
4(1621 1620 836 837)
4(1622 838 830 1614)
4(1622 1621 837 838)
4(1623 839 831 1615)
4(1623 1622 838 839)
4(368 1623 839 156)
4(1624 840 832 1616)
4(1624 271 59 840)
4(1625 841 833 1617)
4(1625 1624 840 841)
4(1626 842 834 1618)
4(1626 1625 841 842)
4(1627 843 835 1619)
4(1627 1626 842 843)
4(1628 844 836 1620)
4(1628 1627 843 844)
4(1629 845 837 1621)
4(1629 1628 844 845)
4(1630 846 838 1622)
4(1630 1629 845 846)
4(1631 847 839 1623)
4(1631 1630 846 847)
4(369 1631 847 157)
4(1632 848 840 1624)
4(1632 272 60 848)
4(1633 849 841 1625)
4(1633 1632 848 849)
4(1634 850 842 1626)
4(1634 1633 849 850)
4(1635 851 843 1627)
4(1635 1634 850 851)
4(1636 852 844 1628)
4(1636 1635 851 852)
4(1637 853 845 1629)
4(1637 1636 852 853)
4(1638 854 846 1630)
4(1638 1637 853 854)
4(1639 855 847 1631)
4(1639 1638 854 855)
4(370 1639 855 158)
4(1640 856 848 1632)
4(1640 273 61 856)
4(1641 857 849 1633)
4(1641 1640 856 857)
4(1642 858 850 1634)
4(1642 1641 857 858)
4(1643 859 851 1635)
4(1643 1642 858 859)
4(1644 860 852 1636)
4(1644 1643 859 860)
4(1645 861 853 1637)
4(1645 1644 860 861)
4(1646 862 854 1638)
4(1646 1645 861 862)
4(1647 863 855 1639)
4(1647 1646 862 863)
4(371 1647 863 159)
4(1648 864 856 1640)
4(1648 274 62 864)
4(1649 865 857 1641)
4(1649 1648 864 865)
4(1650 866 858 1642)
4(1650 1649 865 866)
4(1651 867 859 1643)
4(1651 1650 866 867)
4(1652 868 860 1644)
4(1652 1651 867 868)
4(1653 869 861 1645)
4(1653 1652 868 869)
4(1654 870 862 1646)
4(1654 1653 869 870)
4(1655 871 863 1647)
4(1655 1654 870 871)
4(372 1655 871 160)
4(1656 872 864 1648)
4(1656 275 63 872)
4(1657 873 865 1649)
4(1657 1656 872 873)
4(1658 874 866 1650)
4(1658 1657 873 874)
4(1659 875 867 1651)
4(1659 1658 874 875)
4(1660 876 868 1652)
4(1660 1659 875 876)
4(1661 877 869 1653)
4(1661 1660 876 877)
4(1662 878 870 1654)
4(1662 1661 877 878)
4(1663 879 871 1655)
4(1663 1662 878 879)
4(373 1663 879 161)
4(1664 880 872 1656)
4(1664 276 64 880)
4(1665 881 873 1657)
4(1665 1664 880 881)
4(1666 882 874 1658)
4(1666 1665 881 882)
4(1667 883 875 1659)
4(1667 1666 882 883)
4(1668 884 876 1660)
4(1668 1667 883 884)
4(1669 885 877 1661)
4(1669 1668 884 885)
4(1670 886 878 1662)
4(1670 1669 885 886)
4(1671 887 879 1663)
4(1671 1670 886 887)
4(374 1671 887 162)
4(1672 888 880 1664)
4(1672 277 65 888)
4(1673 889 881 1665)
4(1673 1672 888 889)
4(1674 890 882 1666)
4(1674 1673 889 890)
4(1675 891 883 1667)
4(1675 1674 890 891)
4(1676 892 884 1668)
4(1676 1675 891 892)
4(1677 893 885 1669)
4(1677 1676 892 893)
4(1678 894 886 1670)
4(1678 1677 893 894)
4(1679 895 887 1671)
4(1679 1678 894 895)
4(375 1679 895 163)
4(1680 896 888 1672)
4(1680 278 66 896)
4(1681 897 889 1673)
4(1681 1680 896 897)
4(1682 898 890 1674)
4(1682 1681 897 898)
4(1683 899 891 1675)
4(1683 1682 898 899)
4(1684 900 892 1676)
4(1684 1683 899 900)
4(1685 901 893 1677)
4(1685 1684 900 901)
4(1686 902 894 1678)
4(1686 1685 901 902)
4(1687 903 895 1679)
4(1687 1686 902 903)
4(376 1687 903 164)
4(1688 904 896 1680)
4(1688 279 67 904)
4(1689 905 897 1681)
4(1689 1688 904 905)
4(1690 906 898 1682)
4(1690 1689 905 906)
4(1691 907 899 1683)
4(1691 1690 906 907)
4(1692 908 900 1684)
4(1692 1691 907 908)
4(1693 909 901 1685)
4(1693 1692 908 909)
4(1694 910 902 1686)
4(1694 1693 909 910)
4(1695 911 903 1687)
4(1695 1694 910 911)
4(377 1695 911 165)
4(1696 912 904 1688)
4(1696 280 68 912)
4(1697 913 905 1689)
4(1697 1696 912 913)
4(1698 914 906 1690)
4(1698 1697 913 914)
4(1699 915 907 1691)
4(1699 1698 914 915)
4(1700 916 908 1692)
4(1700 1699 915 916)
4(1701 917 909 1693)
4(1701 1700 916 917)
4(1702 918 910 1694)
4(1702 1701 917 918)
4(1703 919 911 1695)
4(1703 1702 918 919)
4(378 1703 919 166)
4(1704 920 912 1696)
4(1704 281 69 920)
4(1705 921 913 1697)
4(1705 1704 920 921)
4(1706 922 914 1698)
4(1706 1705 921 922)
4(1707 923 915 1699)
4(1707 1706 922 923)
4(1708 924 916 1700)
4(1708 1707 923 924)
4(1709 925 917 1701)
4(1709 1708 924 925)
4(1710 926 918 1702)
4(1710 1709 925 926)
4(1711 927 919 1703)
4(1711 1710 926 927)
4(379 1711 927 167)
4(1712 928 920 1704)
4(1712 282 70 928)
4(1713 929 921 1705)
4(1713 1712 928 929)
4(1714 930 922 1706)
4(1714 1713 929 930)
4(1715 931 923 1707)
4(1715 1714 930 931)
4(1716 932 924 1708)
4(1716 1715 931 932)
4(1717 933 925 1709)
4(1717 1716 932 933)
4(1718 934 926 1710)
4(1718 1717 933 934)
4(1719 935 927 1711)
4(1719 1718 934 935)
4(380 1719 935 168)
4(1720 936 928 1712)
4(1720 283 71 936)
4(1721 937 929 1713)
4(1721 1720 936 937)
4(1722 938 930 1714)
4(1722 1721 937 938)
4(1723 939 931 1715)
4(1723 1722 938 939)
4(1724 940 932 1716)
4(1724 1723 939 940)
4(1725 941 933 1717)
4(1725 1724 940 941)
4(1726 942 934 1718)
4(1726 1725 941 942)
4(1727 943 935 1719)
4(1727 1726 942 943)
4(381 1727 943 169)
4(1728 944 936 1720)
4(1728 284 72 944)
4(1729 945 937 1721)
4(1729 1728 944 945)
4(1730 946 938 1722)
4(1730 1729 945 946)
4(1731 947 939 1723)
4(1731 1730 946 947)
4(1732 948 940 1724)
4(1732 1731 947 948)
4(1733 949 941 1725)
4(1733 1732 948 949)
4(1734 950 942 1726)
4(1734 1733 949 950)
4(1735 951 943 1727)
4(1735 1734 950 951)
4(382 1735 951 170)
4(1736 952 944 1728)
4(1736 285 73 952)
4(1737 953 945 1729)
4(1737 1736 952 953)
4(1738 954 946 1730)
4(1738 1737 953 954)
4(1739 955 947 1731)
4(1739 1738 954 955)
4(1740 956 948 1732)
4(1740 1739 955 956)
4(1741 957 949 1733)
4(1741 1740 956 957)
4(1742 958 950 1734)
4(1742 1741 957 958)
4(1743 959 951 1735)
4(1743 1742 958 959)
4(383 1743 959 171)
4(1744 960 952 1736)
4(1744 286 74 960)
4(1745 961 953 1737)
4(1745 1744 960 961)
4(1746 962 954 1738)
4(1746 1745 961 962)
4(1747 963 955 1739)
4(1747 1746 962 963)
4(1748 964 956 1740)
4(1748 1747 963 964)
4(1749 965 957 1741)
4(1749 1748 964 965)
4(1750 966 958 1742)
4(1750 1749 965 966)
4(1751 967 959 1743)
4(1751 1750 966 967)
4(384 1751 967 172)
4(1752 968 960 1744)
4(1752 287 75 968)
4(1753 969 961 1745)
4(1753 1752 968 969)
4(1754 970 962 1746)
4(1754 1753 969 970)
4(1755 971 963 1747)
4(1755 1754 970 971)
4(1756 972 964 1748)
4(1756 1755 971 972)
4(1757 973 965 1749)
4(1757 1756 972 973)
4(1758 974 966 1750)
4(1758 1757 973 974)
4(1759 975 967 1751)
4(1759 1758 974 975)
4(385 1759 975 173)
4(1760 976 968 1752)
4(1760 288 76 976)
4(1761 977 969 1753)
4(1761 1760 976 977)
4(1762 978 970 1754)
4(1762 1761 977 978)
4(1763 979 971 1755)
4(1763 1762 978 979)
4(1764 980 972 1756)
4(1764 1763 979 980)
4(1765 981 973 1757)
4(1765 1764 980 981)
4(1766 982 974 1758)
4(1766 1765 981 982)
4(1767 983 975 1759)
4(1767 1766 982 983)
4(386 1767 983 174)
4(1768 984 976 1760)
4(1768 289 77 984)
4(1769 985 977 1761)
4(1769 1768 984 985)
4(1770 986 978 1762)
4(1770 1769 985 986)
4(1771 987 979 1763)
4(1771 1770 986 987)
4(1772 988 980 1764)
4(1772 1771 987 988)
4(1773 989 981 1765)
4(1773 1772 988 989)
4(1774 990 982 1766)
4(1774 1773 989 990)
4(1775 991 983 1767)
4(1775 1774 990 991)
4(387 1775 991 175)
4(1776 992 984 1768)
4(1776 290 78 992)
4(1777 993 985 1769)
4(1777 1776 992 993)
4(1778 994 986 1770)
4(1778 1777 993 994)
4(1779 995 987 1771)
4(1779 1778 994 995)
4(1780 996 988 1772)
4(1780 1779 995 996)
4(1781 997 989 1773)
4(1781 1780 996 997)
4(1782 998 990 1774)
4(1782 1781 997 998)
4(1783 999 991 1775)
4(1783 1782 998 999)
4(388 1783 999 176)
4(1784 1000 992 1776)
4(1784 291 79 1000)
4(1785 1001 993 1777)
4(1785 1784 1000 1001)
4(1786 1002 994 1778)
4(1786 1785 1001 1002)
4(1787 1003 995 1779)
4(1787 1786 1002 1003)
4(1788 1004 996 1780)
4(1788 1787 1003 1004)
4(1789 1005 997 1781)
4(1789 1788 1004 1005)
4(1790 1006 998 1782)
4(1790 1789 1005 1006)
4(1791 1007 999 1783)
4(1791 1790 1006 1007)
4(389 1791 1007 177)
4(1792 1008 1000 1784)
4(1792 292 80 1008)
4(1793 1009 1001 1785)
4(1793 1792 1008 1009)
4(1794 1010 1002 1786)
4(1794 1793 1009 1010)
4(1795 1011 1003 1787)
4(1795 1794 1010 1011)
4(1796 1012 1004 1788)
4(1796 1795 1011 1012)
4(1797 1013 1005 1789)
4(1797 1796 1012 1013)
4(1798 1014 1006 1790)
4(1798 1797 1013 1014)
4(1799 1015 1007 1791)
4(1799 1798 1014 1015)
4(390 1799 1015 178)
4(1800 1016 1008 1792)
4(1800 293 81 1016)
4(1801 1017 1009 1793)
4(1801 1800 1016 1017)
4(1802 1018 1010 1794)
4(1802 1801 1017 1018)
4(1803 1019 1011 1795)
4(1803 1802 1018 1019)
4(1804 1020 1012 1796)
4(1804 1803 1019 1020)
4(1805 1021 1013 1797)
4(1805 1804 1020 1021)
4(1806 1022 1014 1798)
4(1806 1805 1021 1022)
4(1807 1023 1015 1799)
4(1807 1806 1022 1023)
4(391 1807 1023 179)
4(1808 1024 1016 1800)
4(1808 294 82 1024)
4(1809 1025 1017 1801)
4(1809 1808 1024 1025)
4(1810 1026 1018 1802)
4(1810 1809 1025 1026)
4(1811 1027 1019 1803)
4(1811 1810 1026 1027)
4(1812 1028 1020 1804)
4(1812 1811 1027 1028)
4(1813 1029 1021 1805)
4(1813 1812 1028 1029)
4(1814 1030 1022 1806)
4(1814 1813 1029 1030)
4(1815 1031 1023 1807)
4(1815 1814 1030 1031)
4(392 1815 1031 180)
4(1816 1032 1024 1808)
4(1816 295 83 1032)
4(1817 1033 1025 1809)
4(1817 1816 1032 1033)
4(1818 1034 1026 1810)
4(1818 1817 1033 1034)
4(1819 1035 1027 1811)
4(1819 1818 1034 1035)
4(1820 1036 1028 1812)
4(1820 1819 1035 1036)
4(1821 1037 1029 1813)
4(1821 1820 1036 1037)
4(1822 1038 1030 1814)
4(1822 1821 1037 1038)
4(1823 1039 1031 1815)
4(1823 1822 1038 1039)
4(393 1823 1039 181)
4(1824 1040 1032 1816)
4(1824 296 84 1040)
4(1825 1041 1033 1817)
4(1825 1824 1040 1041)
4(1826 1042 1034 1818)
4(1826 1825 1041 1042)
4(1827 1043 1035 1819)
4(1827 1826 1042 1043)
4(1828 1044 1036 1820)
4(1828 1827 1043 1044)
4(1829 1045 1037 1821)
4(1829 1828 1044 1045)
4(1830 1046 1038 1822)
4(1830 1829 1045 1046)
4(1831 1047 1039 1823)
4(1831 1830 1046 1047)
4(394 1831 1047 182)
4(1832 1048 1040 1824)
4(1832 297 85 1048)
4(1833 1049 1041 1825)
4(1833 1832 1048 1049)
4(1834 1050 1042 1826)
4(1834 1833 1049 1050)
4(1835 1051 1043 1827)
4(1835 1834 1050 1051)
4(1836 1052 1044 1828)
4(1836 1835 1051 1052)
4(1837 1053 1045 1829)
4(1837 1836 1052 1053)
4(1838 1054 1046 1830)
4(1838 1837 1053 1054)
4(1839 1055 1047 1831)
4(1839 1838 1054 1055)
4(395 1839 1055 183)
4(1840 1056 1048 1832)
4(1840 298 86 1056)
4(1841 1057 1049 1833)
4(1841 1840 1056 1057)
4(1842 1058 1050 1834)
4(1842 1841 1057 1058)
4(1843 1059 1051 1835)
4(1843 1842 1058 1059)
4(1844 1060 1052 1836)
4(1844 1843 1059 1060)
4(1845 1061 1053 1837)
4(1845 1844 1060 1061)
4(1846 1062 1054 1838)
4(1846 1845 1061 1062)
4(1847 1063 1055 1839)
4(1847 1846 1062 1063)
4(396 1847 1063 184)
4(1848 1064 1056 1840)
4(1848 299 87 1064)
4(1849 1065 1057 1841)
4(1849 1848 1064 1065)
4(1850 1066 1058 1842)
4(1850 1849 1065 1066)
4(1851 1067 1059 1843)
4(1851 1850 1066 1067)
4(1852 1068 1060 1844)
4(1852 1851 1067 1068)
4(1853 1069 1061 1845)
4(1853 1852 1068 1069)
4(1854 1070 1062 1846)
4(1854 1853 1069 1070)
4(1855 1071 1063 1847)
4(1855 1854 1070 1071)
4(397 1855 1071 185)
4(1856 1072 1064 1848)
4(1856 300 88 1072)
4(1857 1073 1065 1849)
4(1857 1856 1072 1073)
4(1858 1074 1066 1850)
4(1858 1857 1073 1074)
4(1859 1075 1067 1851)
4(1859 1858 1074 1075)
4(1860 1076 1068 1852)
4(1860 1859 1075 1076)
4(1861 1077 1069 1853)
4(1861 1860 1076 1077)
4(1862 1078 1070 1854)
4(1862 1861 1077 1078)
4(1863 1079 1071 1855)
4(1863 1862 1078 1079)
4(398 1863 1079 186)
4(1864 1080 1072 1856)
4(1864 301 89 1080)
4(1865 1081 1073 1857)
4(1865 1864 1080 1081)
4(1866 1082 1074 1858)
4(1866 1865 1081 1082)
4(1867 1083 1075 1859)
4(1867 1866 1082 1083)
4(1868 1084 1076 1860)
4(1868 1867 1083 1084)
4(1869 1085 1077 1861)
4(1869 1868 1084 1085)
4(1870 1086 1078 1862)
4(1870 1869 1085 1086)
4(1871 1087 1079 1863)
4(1871 1870 1086 1087)
4(399 1871 1087 187)
4(1872 1088 1080 1864)
4(1872 302 90 1088)
4(1873 1089 1081 1865)
4(1873 1872 1088 1089)
4(1874 1090 1082 1866)
4(1874 1873 1089 1090)
4(1875 1091 1083 1867)
4(1875 1874 1090 1091)
4(1876 1092 1084 1868)
4(1876 1875 1091 1092)
4(1877 1093 1085 1869)
4(1877 1876 1092 1093)
4(1878 1094 1086 1870)
4(1878 1877 1093 1094)
4(1879 1095 1087 1871)
4(1879 1878 1094 1095)
4(400 1879 1095 188)
4(1880 1096 1088 1872)
4(1880 303 91 1096)
4(1881 1097 1089 1873)
4(1881 1880 1096 1097)
4(1882 1098 1090 1874)
4(1882 1881 1097 1098)
4(1883 1099 1091 1875)
4(1883 1882 1098 1099)
4(1884 1100 1092 1876)
4(1884 1883 1099 1100)
4(1885 1101 1093 1877)
4(1885 1884 1100 1101)
4(1886 1102 1094 1878)
4(1886 1885 1101 1102)
4(1887 1103 1095 1879)
4(1887 1886 1102 1103)
4(401 1887 1103 189)
4(1888 1104 1096 1880)
4(1888 304 92 1104)
4(1889 1105 1097 1881)
4(1889 1888 1104 1105)
4(1890 1106 1098 1882)
4(1890 1889 1105 1106)
4(1891 1107 1099 1883)
4(1891 1890 1106 1107)
4(1892 1108 1100 1884)
4(1892 1891 1107 1108)
4(1893 1109 1101 1885)
4(1893 1892 1108 1109)
4(1894 1110 1102 1886)
4(1894 1893 1109 1110)
4(1895 1111 1103 1887)
4(1895 1894 1110 1111)
4(402 1895 1111 190)
4(1896 1112 1104 1888)
4(1896 305 93 1112)
4(1897 1113 1105 1889)
4(1897 1896 1112 1113)
4(1898 1114 1106 1890)
4(1898 1897 1113 1114)
4(1899 1115 1107 1891)
4(1899 1898 1114 1115)
4(1900 1116 1108 1892)
4(1900 1899 1115 1116)
4(1901 1117 1109 1893)
4(1901 1900 1116 1117)
4(1902 1118 1110 1894)
4(1902 1901 1117 1118)
4(1903 1119 1111 1895)
4(1903 1902 1118 1119)
4(403 1903 1119 191)
4(1904 1120 1112 1896)
4(1904 306 94 1120)
4(1905 1121 1113 1897)
4(1905 1904 1120 1121)
4(1906 1122 1114 1898)
4(1906 1905 1121 1122)
4(1907 1123 1115 1899)
4(1907 1906 1122 1123)
4(1908 1124 1116 1900)
4(1908 1907 1123 1124)
4(1909 1125 1117 1901)
4(1909 1908 1124 1125)
4(1910 1126 1118 1902)
4(1910 1909 1125 1126)
4(1911 1127 1119 1903)
4(1911 1910 1126 1127)
4(404 1911 1127 192)
4(1912 1128 1120 1904)
4(1912 307 95 1128)
4(1913 1129 1121 1905)
4(1913 1912 1128 1129)
4(1914 1130 1122 1906)
4(1914 1913 1129 1130)
4(1915 1131 1123 1907)
4(1915 1914 1130 1131)
4(1916 1132 1124 1908)
4(1916 1915 1131 1132)
4(1917 1133 1125 1909)
4(1917 1916 1132 1133)
4(1918 1134 1126 1910)
4(1918 1917 1133 1134)
4(1919 1135 1127 1911)
4(1919 1918 1134 1135)
4(405 1919 1135 193)
4(1920 1136 1128 1912)
4(1920 308 96 1136)
4(1921 1137 1129 1913)
4(1921 1920 1136 1137)
4(1922 1138 1130 1914)
4(1922 1921 1137 1138)
4(1923 1139 1131 1915)
4(1923 1922 1138 1139)
4(1924 1140 1132 1916)
4(1924 1923 1139 1140)
4(1925 1141 1133 1917)
4(1925 1924 1140 1141)
4(1926 1142 1134 1918)
4(1926 1925 1141 1142)
4(1927 1143 1135 1919)
4(1927 1926 1142 1143)
4(406 1927 1143 194)
4(1928 1144 1136 1920)
4(1928 309 97 1144)
4(1929 1145 1137 1921)
4(1929 1928 1144 1145)
4(1930 1146 1138 1922)
4(1930 1929 1145 1146)
4(1931 1147 1139 1923)
4(1931 1930 1146 1147)
4(1932 1148 1140 1924)
4(1932 1931 1147 1148)
4(1933 1149 1141 1925)
4(1933 1932 1148 1149)
4(1934 1150 1142 1926)
4(1934 1933 1149 1150)
4(1935 1151 1143 1927)
4(1935 1934 1150 1151)
4(407 1935 1151 195)
4(1936 1152 1144 1928)
4(1936 310 98 1152)
4(1937 1153 1145 1929)
4(1937 1936 1152 1153)
4(1938 1154 1146 1930)
4(1938 1937 1153 1154)
4(1939 1155 1147 1931)
4(1939 1938 1154 1155)
4(1940 1156 1148 1932)
4(1940 1939 1155 1156)
4(1941 1157 1149 1933)
4(1941 1940 1156 1157)
4(1942 1158 1150 1934)
4(1942 1941 1157 1158)
4(1943 1159 1151 1935)
4(1943 1942 1158 1159)
4(408 1943 1159 196)
4(1944 1160 1152 1936)
4(1944 311 99 1160)
4(1945 1161 1153 1937)
4(1945 1944 1160 1161)
4(1946 1162 1154 1938)
4(1946 1945 1161 1162)
4(1947 1163 1155 1939)
4(1947 1946 1162 1163)
4(1948 1164 1156 1940)
4(1948 1947 1163 1164)
4(1949 1165 1157 1941)
4(1949 1948 1164 1165)
4(1950 1166 1158 1942)
4(1950 1949 1165 1166)
4(1951 1167 1159 1943)
4(1951 1950 1166 1167)
4(409 1951 1167 197)
4(1952 1168 1160 1944)
4(1952 312 100 1168)
4(1953 1169 1161 1945)
4(1953 1952 1168 1169)
4(1954 1170 1162 1946)
4(1954 1953 1169 1170)
4(1955 1171 1163 1947)
4(1955 1954 1170 1171)
4(1956 1172 1164 1948)
4(1956 1955 1171 1172)
4(1957 1173 1165 1949)
4(1957 1956 1172 1173)
4(1958 1174 1166 1950)
4(1958 1957 1173 1174)
4(1959 1175 1167 1951)
4(1959 1958 1174 1175)
4(410 1959 1175 198)
4(1960 1176 1168 1952)
4(1960 313 101 1176)
4(1961 1177 1169 1953)
4(1961 1960 1176 1177)
4(1962 1178 1170 1954)
4(1962 1961 1177 1178)
4(1963 1179 1171 1955)
4(1963 1962 1178 1179)
4(1964 1180 1172 1956)
4(1964 1963 1179 1180)
4(1965 1181 1173 1957)
4(1965 1964 1180 1181)
4(1966 1182 1174 1958)
4(1966 1965 1181 1182)
4(1967 1183 1175 1959)
4(1967 1966 1182 1183)
4(411 1967 1183 199)
4(1968 1184 1176 1960)
4(1968 314 102 1184)
4(1969 1185 1177 1961)
4(1969 1968 1184 1185)
4(1970 1186 1178 1962)
4(1970 1969 1185 1186)
4(1971 1187 1179 1963)
4(1971 1970 1186 1187)
4(1972 1188 1180 1964)
4(1972 1971 1187 1188)
4(1973 1189 1181 1965)
4(1973 1972 1188 1189)
4(1974 1190 1182 1966)
4(1974 1973 1189 1190)
4(1975 1191 1183 1967)
4(1975 1974 1190 1191)
4(412 1975 1191 200)
4(1976 1192 1184 1968)
4(1976 315 103 1192)
4(1977 1193 1185 1969)
4(1977 1976 1192 1193)
4(1978 1194 1186 1970)
4(1978 1977 1193 1194)
4(1979 1195 1187 1971)
4(1979 1978 1194 1195)
4(1980 1196 1188 1972)
4(1980 1979 1195 1196)
4(1981 1197 1189 1973)
4(1981 1980 1196 1197)
4(1982 1198 1190 1974)
4(1982 1981 1197 1198)
4(1983 1199 1191 1975)
4(1983 1982 1198 1199)
4(413 1983 1199 201)
4(1984 1200 1192 1976)
4(1984 316 104 1200)
4(1985 1201 1193 1977)
4(1985 1984 1200 1201)
4(1986 1202 1194 1978)
4(1986 1985 1201 1202)
4(1987 1203 1195 1979)
4(1987 1986 1202 1203)
4(1988 1204 1196 1980)
4(1988 1987 1203 1204)
4(1989 1205 1197 1981)
4(1989 1988 1204 1205)
4(1990 1206 1198 1982)
4(1990 1989 1205 1206)
4(1991 1207 1199 1983)
4(1991 1990 1206 1207)
4(414 1991 1207 202)
4(1992 1208 1200 1984)
4(1992 317 105 1208)
4(1993 1209 1201 1985)
4(1993 1992 1208 1209)
4(1994 1210 1202 1986)
4(1994 1993 1209 1210)
4(1995 1211 1203 1987)
4(1995 1994 1210 1211)
4(1996 1212 1204 1988)
4(1996 1995 1211 1212)
4(1997 1213 1205 1989)
4(1997 1996 1212 1213)
4(1998 1214 1206 1990)
4(1998 1997 1213 1214)
4(1999 1215 1207 1991)
4(1999 1998 1214 1215)
4(415 1999 1215 203)
4(424 212 1208 1992)
4(425 213 1209 1993)
4(426 214 1210 1994)
4(427 215 1211 1995)
4(428 216 1212 1996)
4(429 217 1213 1997)
4(430 218 1214 1998)
4(431 219 1215 1999)
4(432 8 0 204)
4(433 432 204 205)
4(434 433 205 206)
4(435 434 206 207)
4(436 435 207 208)
4(437 436 208 209)
4(438 437 209 210)
4(439 438 210 211)
4(106 439 211 2)
4(440 9 8 432)
4(441 440 432 433)
4(442 441 433 434)
4(443 442 434 435)
4(444 443 435 436)
4(445 444 436 437)
4(446 445 437 438)
4(447 446 438 439)
4(107 447 439 106)
4(448 10 9 440)
4(449 448 440 441)
4(450 449 441 442)
4(451 450 442 443)
4(452 451 443 444)
4(453 452 444 445)
4(454 453 445 446)
4(455 454 446 447)
4(108 455 447 107)
4(456 11 10 448)
4(457 456 448 449)
4(458 457 449 450)
4(459 458 450 451)
4(460 459 451 452)
4(461 460 452 453)
4(462 461 453 454)
4(463 462 454 455)
4(109 463 455 108)
4(464 12 11 456)
4(465 464 456 457)
4(466 465 457 458)
4(467 466 458 459)
4(468 467 459 460)
4(469 468 460 461)
4(470 469 461 462)
4(471 470 462 463)
4(110 471 463 109)
4(472 13 12 464)
4(473 472 464 465)
4(474 473 465 466)
4(475 474 466 467)
4(476 475 467 468)
4(477 476 468 469)
4(478 477 469 470)
4(479 478 470 471)
4(111 479 471 110)
4(480 14 13 472)
4(481 480 472 473)
4(482 481 473 474)
4(483 482 474 475)
4(484 483 475 476)
4(485 484 476 477)
4(486 485 477 478)
4(487 486 478 479)
4(112 487 479 111)
4(488 15 14 480)
4(489 488 480 481)
4(490 489 481 482)
4(491 490 482 483)
4(492 491 483 484)
4(493 492 484 485)
4(494 493 485 486)
4(495 494 486 487)
4(113 495 487 112)
4(496 16 15 488)
4(497 496 488 489)
4(498 497 489 490)
4(499 498 490 491)
4(500 499 491 492)
4(501 500 492 493)
4(502 501 493 494)
4(503 502 494 495)
4(114 503 495 113)
4(504 17 16 496)
4(505 504 496 497)
4(506 505 497 498)
4(507 506 498 499)
4(508 507 499 500)
4(509 508 500 501)
4(510 509 501 502)
4(511 510 502 503)
4(115 511 503 114)
4(512 18 17 504)
4(513 512 504 505)
4(514 513 505 506)
4(515 514 506 507)
4(516 515 507 508)
4(517 516 508 509)
4(518 517 509 510)
4(519 518 510 511)
4(116 519 511 115)
4(520 19 18 512)
4(521 520 512 513)
4(522 521 513 514)
4(523 522 514 515)
4(524 523 515 516)
4(525 524 516 517)
4(526 525 517 518)
4(527 526 518 519)
4(117 527 519 116)
4(528 20 19 520)
4(529 528 520 521)
4(530 529 521 522)
4(531 530 522 523)
4(532 531 523 524)
4(533 532 524 525)
4(534 533 525 526)
4(535 534 526 527)
4(118 535 527 117)
4(536 21 20 528)
4(537 536 528 529)
4(538 537 529 530)
4(539 538 530 531)
4(540 539 531 532)
4(541 540 532 533)
4(542 541 533 534)
4(543 542 534 535)
4(119 543 535 118)
4(544 22 21 536)
4(545 544 536 537)
4(546 545 537 538)
4(547 546 538 539)
4(548 547 539 540)
4(549 548 540 541)
4(550 549 541 542)
4(551 550 542 543)
4(120 551 543 119)
4(552 23 22 544)
4(553 552 544 545)
4(554 553 545 546)
4(555 554 546 547)
4(556 555 547 548)
4(557 556 548 549)
4(558 557 549 550)
4(559 558 550 551)
4(121 559 551 120)
4(560 24 23 552)
4(561 560 552 553)
4(562 561 553 554)
4(563 562 554 555)
4(564 563 555 556)
4(565 564 556 557)
4(566 565 557 558)
4(567 566 558 559)
4(122 567 559 121)
4(568 25 24 560)
4(569 568 560 561)
4(570 569 561 562)
4(571 570 562 563)
4(572 571 563 564)
4(573 572 564 565)
4(574 573 565 566)
4(575 574 566 567)
4(123 575 567 122)
4(576 26 25 568)
4(577 576 568 569)
4(578 577 569 570)
4(579 578 570 571)
4(580 579 571 572)
4(581 580 572 573)
4(582 581 573 574)
4(583 582 574 575)
4(124 583 575 123)
4(584 27 26 576)
4(585 584 576 577)
4(586 585 577 578)
4(587 586 578 579)
4(588 587 579 580)
4(589 588 580 581)
4(590 589 581 582)
4(591 590 582 583)
4(125 591 583 124)
4(592 28 27 584)
4(593 592 584 585)
4(594 593 585 586)
4(595 594 586 587)
4(596 595 587 588)
4(597 596 588 589)
4(598 597 589 590)
4(599 598 590 591)
4(126 599 591 125)
4(600 29 28 592)
4(601 600 592 593)
4(602 601 593 594)
4(603 602 594 595)
4(604 603 595 596)
4(605 604 596 597)
4(606 605 597 598)
4(607 606 598 599)
4(127 607 599 126)
4(608 30 29 600)
4(609 608 600 601)
4(610 609 601 602)
4(611 610 602 603)
4(612 611 603 604)
4(613 612 604 605)
4(614 613 605 606)
4(615 614 606 607)
4(128 615 607 127)
4(616 31 30 608)
4(617 616 608 609)
4(618 617 609 610)
4(619 618 610 611)
4(620 619 611 612)
4(621 620 612 613)
4(622 621 613 614)
4(623 622 614 615)
4(129 623 615 128)
4(624 32 31 616)
4(625 624 616 617)
4(626 625 617 618)
4(627 626 618 619)
4(628 627 619 620)
4(629 628 620 621)
4(630 629 621 622)
4(631 630 622 623)
4(130 631 623 129)
4(632 33 32 624)
4(633 632 624 625)
4(634 633 625 626)
4(635 634 626 627)
4(636 635 627 628)
4(637 636 628 629)
4(638 637 629 630)
4(639 638 630 631)
4(131 639 631 130)
4(640 34 33 632)
4(641 640 632 633)
4(642 641 633 634)
4(643 642 634 635)
4(644 643 635 636)
4(645 644 636 637)
4(646 645 637 638)
4(647 646 638 639)
4(132 647 639 131)
4(648 35 34 640)
4(649 648 640 641)
4(650 649 641 642)
4(651 650 642 643)
4(652 651 643 644)
4(653 652 644 645)
4(654 653 645 646)
4(655 654 646 647)
4(133 655 647 132)
4(656 36 35 648)
4(657 656 648 649)
4(658 657 649 650)
4(659 658 650 651)
4(660 659 651 652)
4(661 660 652 653)
4(662 661 653 654)
4(663 662 654 655)
4(134 663 655 133)
4(664 37 36 656)
4(665 664 656 657)
4(666 665 657 658)
4(667 666 658 659)
4(668 667 659 660)
4(669 668 660 661)
4(670 669 661 662)
4(671 670 662 663)
4(135 671 663 134)
4(672 38 37 664)
4(673 672 664 665)
4(674 673 665 666)
4(675 674 666 667)
4(676 675 667 668)
4(677 676 668 669)
4(678 677 669 670)
4(679 678 670 671)
4(136 679 671 135)
4(680 39 38 672)
4(681 680 672 673)
4(682 681 673 674)
4(683 682 674 675)
4(684 683 675 676)
4(685 684 676 677)
4(686 685 677 678)
4(687 686 678 679)
4(137 687 679 136)
4(688 40 39 680)
4(689 688 680 681)
4(690 689 681 682)
4(691 690 682 683)
4(692 691 683 684)
4(693 692 684 685)
4(694 693 685 686)
4(695 694 686 687)
4(138 695 687 137)
4(696 41 40 688)
4(697 696 688 689)
4(698 697 689 690)
4(699 698 690 691)
4(700 699 691 692)
4(701 700 692 693)
4(702 701 693 694)
4(703 702 694 695)
4(139 703 695 138)
4(704 42 41 696)
4(705 704 696 697)
4(706 705 697 698)
4(707 706 698 699)
4(708 707 699 700)
4(709 708 700 701)
4(710 709 701 702)
4(711 710 702 703)
4(140 711 703 139)
4(712 43 42 704)
4(713 712 704 705)
4(714 713 705 706)
4(715 714 706 707)
4(716 715 707 708)
4(717 716 708 709)
4(718 717 709 710)
4(719 718 710 711)
4(141 719 711 140)
4(720 44 43 712)
4(721 720 712 713)
4(722 721 713 714)
4(723 722 714 715)
4(724 723 715 716)
4(725 724 716 717)
4(726 725 717 718)
4(727 726 718 719)
4(142 727 719 141)
4(728 45 44 720)
4(729 728 720 721)
4(730 729 721 722)
4(731 730 722 723)
4(732 731 723 724)
4(733 732 724 725)
4(734 733 725 726)
4(735 734 726 727)
4(143 735 727 142)
4(736 46 45 728)
4(737 736 728 729)
4(738 737 729 730)
4(739 738 730 731)
4(740 739 731 732)
4(741 740 732 733)
4(742 741 733 734)
4(743 742 734 735)
4(144 743 735 143)
4(744 47 46 736)
4(745 744 736 737)
4(746 745 737 738)
4(747 746 738 739)
4(748 747 739 740)
4(749 748 740 741)
4(750 749 741 742)
4(751 750 742 743)
4(145 751 743 144)
4(752 48 47 744)
4(753 752 744 745)
4(754 753 745 746)
4(755 754 746 747)
4(756 755 747 748)
4(757 756 748 749)
4(758 757 749 750)
4(759 758 750 751)
4(146 759 751 145)
4(760 49 48 752)
4(761 760 752 753)
4(762 761 753 754)
4(763 762 754 755)
4(764 763 755 756)
4(765 764 756 757)
4(766 765 757 758)
4(767 766 758 759)
4(147 767 759 146)
4(768 50 49 760)
4(769 768 760 761)
4(770 769 761 762)
4(771 770 762 763)
4(772 771 763 764)
4(773 772 764 765)
4(774 773 765 766)
4(775 774 766 767)
4(148 775 767 147)
4(776 51 50 768)
4(777 776 768 769)
4(778 777 769 770)
4(779 778 770 771)
4(780 779 771 772)
4(781 780 772 773)
4(782 781 773 774)
4(783 782 774 775)
4(149 783 775 148)
4(784 52 51 776)
4(785 784 776 777)
4(786 785 777 778)
4(787 786 778 779)
4(788 787 779 780)
4(789 788 780 781)
4(790 789 781 782)
4(791 790 782 783)
4(150 791 783 149)
4(792 53 52 784)
4(793 792 784 785)
4(794 793 785 786)
4(795 794 786 787)
4(796 795 787 788)
4(797 796 788 789)
4(798 797 789 790)
4(799 798 790 791)
4(151 799 791 150)
4(800 54 53 792)
4(801 800 792 793)
4(802 801 793 794)
4(803 802 794 795)
4(804 803 795 796)
4(805 804 796 797)
4(806 805 797 798)
4(807 806 798 799)
4(152 807 799 151)
4(808 55 54 800)
4(809 808 800 801)
4(810 809 801 802)
4(811 810 802 803)
4(812 811 803 804)
4(813 812 804 805)
4(814 813 805 806)
4(815 814 806 807)
4(153 815 807 152)
4(816 56 55 808)
4(817 816 808 809)
4(818 817 809 810)
4(819 818 810 811)
4(820 819 811 812)
4(821 820 812 813)
4(822 821 813 814)
4(823 822 814 815)
4(154 823 815 153)
4(824 57 56 816)
4(825 824 816 817)
4(826 825 817 818)
4(827 826 818 819)
4(828 827 819 820)
4(829 828 820 821)
4(830 829 821 822)
4(831 830 822 823)
4(155 831 823 154)
4(832 58 57 824)
4(833 832 824 825)
4(834 833 825 826)
4(835 834 826 827)
4(836 835 827 828)
4(837 836 828 829)
4(838 837 829 830)
4(839 838 830 831)
4(156 839 831 155)
4(840 59 58 832)
4(841 840 832 833)
4(842 841 833 834)
4(843 842 834 835)
4(844 843 835 836)
4(845 844 836 837)
4(846 845 837 838)
4(847 846 838 839)
4(157 847 839 156)
4(848 60 59 840)
4(849 848 840 841)
4(850 849 841 842)
4(851 850 842 843)
4(852 851 843 844)
4(853 852 844 845)
4(854 853 845 846)
4(855 854 846 847)
4(158 855 847 157)
4(856 61 60 848)
4(857 856 848 849)
4(858 857 849 850)
4(859 858 850 851)
4(860 859 851 852)
4(861 860 852 853)
4(862 861 853 854)
4(863 862 854 855)
4(159 863 855 158)
4(864 62 61 856)
4(865 864 856 857)
4(866 865 857 858)
4(867 866 858 859)
4(868 867 859 860)
4(869 868 860 861)
4(870 869 861 862)
4(871 870 862 863)
4(160 871 863 159)
4(872 63 62 864)
4(873 872 864 865)
4(874 873 865 866)
4(875 874 866 867)
4(876 875 867 868)
4(877 876 868 869)
4(878 877 869 870)
4(879 878 870 871)
4(161 879 871 160)
4(880 64 63 872)
4(881 880 872 873)
4(882 881 873 874)
4(883 882 874 875)
4(884 883 875 876)
4(885 884 876 877)
4(886 885 877 878)
4(887 886 878 879)
4(162 887 879 161)
4(888 65 64 880)
4(889 888 880 881)
4(890 889 881 882)
4(891 890 882 883)
4(892 891 883 884)
4(893 892 884 885)
4(894 893 885 886)
4(895 894 886 887)
4(163 895 887 162)
4(896 66 65 888)
4(897 896 888 889)
4(898 897 889 890)
4(899 898 890 891)
4(900 899 891 892)
4(901 900 892 893)
4(902 901 893 894)
4(903 902 894 895)
4(164 903 895 163)
4(904 67 66 896)
4(905 904 896 897)
4(906 905 897 898)
4(907 906 898 899)
4(908 907 899 900)
4(909 908 900 901)
4(910 909 901 902)
4(911 910 902 903)
4(165 911 903 164)
4(912 68 67 904)
4(913 912 904 905)
4(914 913 905 906)
4(915 914 906 907)
4(916 915 907 908)
4(917 916 908 909)
4(918 917 909 910)
4(919 918 910 911)
4(166 919 911 165)
4(920 69 68 912)
4(921 920 912 913)
4(922 921 913 914)
4(923 922 914 915)
4(924 923 915 916)
4(925 924 916 917)
4(926 925 917 918)
4(927 926 918 919)
4(167 927 919 166)
4(928 70 69 920)
4(929 928 920 921)
4(930 929 921 922)
4(931 930 922 923)
4(932 931 923 924)
4(933 932 924 925)
4(934 933 925 926)
4(935 934 926 927)
4(168 935 927 167)
4(936 71 70 928)
4(937 936 928 929)
4(938 937 929 930)
4(939 938 930 931)
4(940 939 931 932)
4(941 940 932 933)
4(942 941 933 934)
4(943 942 934 935)
4(169 943 935 168)
4(944 72 71 936)
4(945 944 936 937)
4(946 945 937 938)
4(947 946 938 939)
4(948 947 939 940)
4(949 948 940 941)
4(950 949 941 942)
4(951 950 942 943)
4(170 951 943 169)
4(952 73 72 944)
4(953 952 944 945)
4(954 953 945 946)
4(955 954 946 947)
4(956 955 947 948)
4(957 956 948 949)
4(958 957 949 950)
4(959 958 950 951)
4(171 959 951 170)
4(960 74 73 952)
4(961 960 952 953)
4(962 961 953 954)
4(963 962 954 955)
4(964 963 955 956)
4(965 964 956 957)
4(966 965 957 958)
4(967 966 958 959)
4(172 967 959 171)
4(968 75 74 960)
4(969 968 960 961)
4(970 969 961 962)
4(971 970 962 963)
4(972 971 963 964)
4(973 972 964 965)
4(974 973 965 966)
4(975 974 966 967)
4(173 975 967 172)
4(976 76 75 968)
4(977 976 968 969)
4(978 977 969 970)
4(979 978 970 971)
4(980 979 971 972)
4(981 980 972 973)
4(982 981 973 974)
4(983 982 974 975)
4(174 983 975 173)
4(984 77 76 976)
4(985 984 976 977)
4(986 985 977 978)
4(987 986 978 979)
4(988 987 979 980)
4(989 988 980 981)
4(990 989 981 982)
4(991 990 982 983)
4(175 991 983 174)
4(992 78 77 984)
4(993 992 984 985)
4(994 993 985 986)
4(995 994 986 987)
4(996 995 987 988)
4(997 996 988 989)
4(998 997 989 990)
4(999 998 990 991)
4(176 999 991 175)
4(1000 79 78 992)
4(1001 1000 992 993)
4(1002 1001 993 994)
4(1003 1002 994 995)
4(1004 1003 995 996)
4(1005 1004 996 997)
4(1006 1005 997 998)
4(1007 1006 998 999)
4(177 1007 999 176)
4(1008 80 79 1000)
4(1009 1008 1000 1001)
4(1010 1009 1001 1002)
4(1011 1010 1002 1003)
4(1012 1011 1003 1004)
4(1013 1012 1004 1005)
4(1014 1013 1005 1006)
4(1015 1014 1006 1007)
4(178 1015 1007 177)
4(1016 81 80 1008)
4(1017 1016 1008 1009)
4(1018 1017 1009 1010)
4(1019 1018 1010 1011)
4(1020 1019 1011 1012)
4(1021 1020 1012 1013)
4(1022 1021 1013 1014)
4(1023 1022 1014 1015)
4(179 1023 1015 178)
4(1024 82 81 1016)
4(1025 1024 1016 1017)
4(1026 1025 1017 1018)
4(1027 1026 1018 1019)
4(1028 1027 1019 1020)
4(1029 1028 1020 1021)
4(1030 1029 1021 1022)
4(1031 1030 1022 1023)
4(180 1031 1023 179)
4(1032 83 82 1024)
4(1033 1032 1024 1025)
4(1034 1033 1025 1026)
4(1035 1034 1026 1027)
4(1036 1035 1027 1028)
4(1037 1036 1028 1029)
4(1038 1037 1029 1030)
4(1039 1038 1030 1031)
4(181 1039 1031 180)
4(1040 84 83 1032)
4(1041 1040 1032 1033)
4(1042 1041 1033 1034)
4(1043 1042 1034 1035)
4(1044 1043 1035 1036)
4(1045 1044 1036 1037)
4(1046 1045 1037 1038)
4(1047 1046 1038 1039)
4(182 1047 1039 181)
4(1048 85 84 1040)
4(1049 1048 1040 1041)
4(1050 1049 1041 1042)
4(1051 1050 1042 1043)
4(1052 1051 1043 1044)
4(1053 1052 1044 1045)
4(1054 1053 1045 1046)
4(1055 1054 1046 1047)
4(183 1055 1047 182)
4(1056 86 85 1048)
4(1057 1056 1048 1049)
4(1058 1057 1049 1050)
4(1059 1058 1050 1051)
4(1060 1059 1051 1052)
4(1061 1060 1052 1053)
4(1062 1061 1053 1054)
4(1063 1062 1054 1055)
4(184 1063 1055 183)
4(1064 87 86 1056)
4(1065 1064 1056 1057)
4(1066 1065 1057 1058)
4(1067 1066 1058 1059)
4(1068 1067 1059 1060)
4(1069 1068 1060 1061)
4(1070 1069 1061 1062)
4(1071 1070 1062 1063)
4(185 1071 1063 184)
4(1072 88 87 1064)
4(1073 1072 1064 1065)
4(1074 1073 1065 1066)
4(1075 1074 1066 1067)
4(1076 1075 1067 1068)
4(1077 1076 1068 1069)
4(1078 1077 1069 1070)
4(1079 1078 1070 1071)
4(186 1079 1071 185)
4(1080 89 88 1072)
4(1081 1080 1072 1073)
4(1082 1081 1073 1074)
4(1083 1082 1074 1075)
4(1084 1083 1075 1076)
4(1085 1084 1076 1077)
4(1086 1085 1077 1078)
4(1087 1086 1078 1079)
4(187 1087 1079 186)
4(1088 90 89 1080)
4(1089 1088 1080 1081)
4(1090 1089 1081 1082)
4(1091 1090 1082 1083)
4(1092 1091 1083 1084)
4(1093 1092 1084 1085)
4(1094 1093 1085 1086)
4(1095 1094 1086 1087)
4(188 1095 1087 187)
4(1096 91 90 1088)
4(1097 1096 1088 1089)
4(1098 1097 1089 1090)
4(1099 1098 1090 1091)
4(1100 1099 1091 1092)
4(1101 1100 1092 1093)
4(1102 1101 1093 1094)
4(1103 1102 1094 1095)
4(189 1103 1095 188)
4(1104 92 91 1096)
4(1105 1104 1096 1097)
4(1106 1105 1097 1098)
4(1107 1106 1098 1099)
4(1108 1107 1099 1100)
4(1109 1108 1100 1101)
4(1110 1109 1101 1102)
4(1111 1110 1102 1103)
4(190 1111 1103 189)
4(1112 93 92 1104)
4(1113 1112 1104 1105)
4(1114 1113 1105 1106)
4(1115 1114 1106 1107)
4(1116 1115 1107 1108)
4(1117 1116 1108 1109)
4(1118 1117 1109 1110)
4(1119 1118 1110 1111)
4(191 1119 1111 190)
4(1120 94 93 1112)
4(1121 1120 1112 1113)
4(1122 1121 1113 1114)
4(1123 1122 1114 1115)
4(1124 1123 1115 1116)
4(1125 1124 1116 1117)
4(1126 1125 1117 1118)
4(1127 1126 1118 1119)
4(192 1127 1119 191)
4(1128 95 94 1120)
4(1129 1128 1120 1121)
4(1130 1129 1121 1122)
4(1131 1130 1122 1123)
4(1132 1131 1123 1124)
4(1133 1132 1124 1125)
4(1134 1133 1125 1126)
4(1135 1134 1126 1127)
4(193 1135 1127 192)
4(1136 96 95 1128)
4(1137 1136 1128 1129)
4(1138 1137 1129 1130)
4(1139 1138 1130 1131)
4(1140 1139 1131 1132)
4(1141 1140 1132 1133)
4(1142 1141 1133 1134)
4(1143 1142 1134 1135)
4(194 1143 1135 193)
4(1144 97 96 1136)
4(1145 1144 1136 1137)
4(1146 1145 1137 1138)
4(1147 1146 1138 1139)
4(1148 1147 1139 1140)
4(1149 1148 1140 1141)
4(1150 1149 1141 1142)
4(1151 1150 1142 1143)
4(195 1151 1143 194)
4(1152 98 97 1144)
4(1153 1152 1144 1145)
4(1154 1153 1145 1146)
4(1155 1154 1146 1147)
4(1156 1155 1147 1148)
4(1157 1156 1148 1149)
4(1158 1157 1149 1150)
4(1159 1158 1150 1151)
4(196 1159 1151 195)
4(1160 99 98 1152)
4(1161 1160 1152 1153)
4(1162 1161 1153 1154)
4(1163 1162 1154 1155)
4(1164 1163 1155 1156)
4(1165 1164 1156 1157)
4(1166 1165 1157 1158)
4(1167 1166 1158 1159)
4(197 1167 1159 196)
4(1168 100 99 1160)
4(1169 1168 1160 1161)
4(1170 1169 1161 1162)
4(1171 1170 1162 1163)
4(1172 1171 1163 1164)
4(1173 1172 1164 1165)
4(1174 1173 1165 1166)
4(1175 1174 1166 1167)
4(198 1175 1167 197)
4(1176 101 100 1168)
4(1177 1176 1168 1169)
4(1178 1177 1169 1170)
4(1179 1178 1170 1171)
4(1180 1179 1171 1172)
4(1181 1180 1172 1173)
4(1182 1181 1173 1174)
4(1183 1182 1174 1175)
4(199 1183 1175 198)
4(1184 102 101 1176)
4(1185 1184 1176 1177)
4(1186 1185 1177 1178)
4(1187 1186 1178 1179)
4(1188 1187 1179 1180)
4(1189 1188 1180 1181)
4(1190 1189 1181 1182)
4(1191 1190 1182 1183)
4(200 1191 1183 199)
4(1192 103 102 1184)
4(1193 1192 1184 1185)
4(1194 1193 1185 1186)
4(1195 1194 1186 1187)
4(1196 1195 1187 1188)
4(1197 1196 1188 1189)
4(1198 1197 1189 1190)
4(1199 1198 1190 1191)
4(201 1199 1191 200)
4(1200 104 103 1192)
4(1201 1200 1192 1193)
4(1202 1201 1193 1194)
4(1203 1202 1194 1195)
4(1204 1203 1195 1196)
4(1205 1204 1196 1197)
4(1206 1205 1197 1198)
4(1207 1206 1198 1199)
4(202 1207 1199 201)
4(1208 105 104 1200)
4(1209 1208 1200 1201)
4(1210 1209 1201 1202)
4(1211 1210 1202 1203)
4(1212 1211 1203 1204)
4(1213 1212 1204 1205)
4(1214 1213 1205 1206)
4(1215 1214 1206 1207)
4(203 1215 1207 202)
4(212 1 105 1208)
4(213 212 1208 1209)
4(214 213 1209 1210)
4(215 214 1210 1211)
4(216 215 1211 1212)
4(217 216 1212 1213)
4(218 217 1213 1214)
4(219 218 1214 1215)
4(3 219 1215 203)
4(1216 416 4 220)
4(1217 417 416 1216)
4(1218 418 417 1217)
4(1219 419 418 1218)
4(1220 420 419 1219)
4(1221 421 420 1220)
4(1222 422 421 1221)
4(1223 423 422 1222)
4(318 6 423 1223)
4(1224 1216 220 221)
4(1225 1217 1216 1224)
4(1226 1218 1217 1225)
4(1227 1219 1218 1226)
4(1228 1220 1219 1227)
4(1229 1221 1220 1228)
4(1230 1222 1221 1229)
4(1231 1223 1222 1230)
4(319 318 1223 1231)
4(1232 1224 221 222)
4(1233 1225 1224 1232)
4(1234 1226 1225 1233)
4(1235 1227 1226 1234)
4(1236 1228 1227 1235)
4(1237 1229 1228 1236)
4(1238 1230 1229 1237)
4(1239 1231 1230 1238)
4(320 319 1231 1239)
4(1240 1232 222 223)
4(1241 1233 1232 1240)
4(1242 1234 1233 1241)
4(1243 1235 1234 1242)
4(1244 1236 1235 1243)
4(1245 1237 1236 1244)
4(1246 1238 1237 1245)
4(1247 1239 1238 1246)
4(321 320 1239 1247)
4(1248 1240 223 224)
4(1249 1241 1240 1248)
4(1250 1242 1241 1249)
4(1251 1243 1242 1250)
4(1252 1244 1243 1251)
4(1253 1245 1244 1252)
4(1254 1246 1245 1253)
4(1255 1247 1246 1254)
4(322 321 1247 1255)
4(1256 1248 224 225)
4(1257 1249 1248 1256)
4(1258 1250 1249 1257)
4(1259 1251 1250 1258)
4(1260 1252 1251 1259)
4(1261 1253 1252 1260)
4(1262 1254 1253 1261)
4(1263 1255 1254 1262)
4(323 322 1255 1263)
4(1264 1256 225 226)
4(1265 1257 1256 1264)
4(1266 1258 1257 1265)
4(1267 1259 1258 1266)
4(1268 1260 1259 1267)
4(1269 1261 1260 1268)
4(1270 1262 1261 1269)
4(1271 1263 1262 1270)
4(324 323 1263 1271)
4(1272 1264 226 227)
4(1273 1265 1264 1272)
4(1274 1266 1265 1273)
4(1275 1267 1266 1274)
4(1276 1268 1267 1275)
4(1277 1269 1268 1276)
4(1278 1270 1269 1277)
4(1279 1271 1270 1278)
4(325 324 1271 1279)
4(1280 1272 227 228)
4(1281 1273 1272 1280)
4(1282 1274 1273 1281)
4(1283 1275 1274 1282)
4(1284 1276 1275 1283)
4(1285 1277 1276 1284)
4(1286 1278 1277 1285)
4(1287 1279 1278 1286)
4(326 325 1279 1287)
4(1288 1280 228 229)
4(1289 1281 1280 1288)
4(1290 1282 1281 1289)
4(1291 1283 1282 1290)
4(1292 1284 1283 1291)
4(1293 1285 1284 1292)
4(1294 1286 1285 1293)
4(1295 1287 1286 1294)
4(327 326 1287 1295)
4(1296 1288 229 230)
4(1297 1289 1288 1296)
4(1298 1290 1289 1297)
4(1299 1291 1290 1298)
4(1300 1292 1291 1299)
4(1301 1293 1292 1300)
4(1302 1294 1293 1301)
4(1303 1295 1294 1302)
4(328 327 1295 1303)
4(1304 1296 230 231)
4(1305 1297 1296 1304)
4(1306 1298 1297 1305)
4(1307 1299 1298 1306)
4(1308 1300 1299 1307)
4(1309 1301 1300 1308)
4(1310 1302 1301 1309)
4(1311 1303 1302 1310)
4(329 328 1303 1311)
4(1312 1304 231 232)
4(1313 1305 1304 1312)
4(1314 1306 1305 1313)
4(1315 1307 1306 1314)
4(1316 1308 1307 1315)
4(1317 1309 1308 1316)
4(1318 1310 1309 1317)
4(1319 1311 1310 1318)
4(330 329 1311 1319)
4(1320 1312 232 233)
4(1321 1313 1312 1320)
4(1322 1314 1313 1321)
4(1323 1315 1314 1322)
4(1324 1316 1315 1323)
4(1325 1317 1316 1324)
4(1326 1318 1317 1325)
4(1327 1319 1318 1326)
4(331 330 1319 1327)
4(1328 1320 233 234)
4(1329 1321 1320 1328)
4(1330 1322 1321 1329)
4(1331 1323 1322 1330)
4(1332 1324 1323 1331)
4(1333 1325 1324 1332)
4(1334 1326 1325 1333)
4(1335 1327 1326 1334)
4(332 331 1327 1335)
4(1336 1328 234 235)
4(1337 1329 1328 1336)
4(1338 1330 1329 1337)
4(1339 1331 1330 1338)
4(1340 1332 1331 1339)
4(1341 1333 1332 1340)
4(1342 1334 1333 1341)
4(1343 1335 1334 1342)
4(333 332 1335 1343)
4(1344 1336 235 236)
4(1345 1337 1336 1344)
4(1346 1338 1337 1345)
4(1347 1339 1338 1346)
4(1348 1340 1339 1347)
4(1349 1341 1340 1348)
4(1350 1342 1341 1349)
4(1351 1343 1342 1350)
4(334 333 1343 1351)
4(1352 1344 236 237)
4(1353 1345 1344 1352)
4(1354 1346 1345 1353)
4(1355 1347 1346 1354)
4(1356 1348 1347 1355)
4(1357 1349 1348 1356)
4(1358 1350 1349 1357)
4(1359 1351 1350 1358)
4(335 334 1351 1359)
4(1360 1352 237 238)
4(1361 1353 1352 1360)
4(1362 1354 1353 1361)
4(1363 1355 1354 1362)
4(1364 1356 1355 1363)
4(1365 1357 1356 1364)
4(1366 1358 1357 1365)
4(1367 1359 1358 1366)
4(336 335 1359 1367)
4(1368 1360 238 239)
4(1369 1361 1360 1368)
4(1370 1362 1361 1369)
4(1371 1363 1362 1370)
4(1372 1364 1363 1371)
4(1373 1365 1364 1372)
4(1374 1366 1365 1373)
4(1375 1367 1366 1374)
4(337 336 1367 1375)
4(1376 1368 239 240)
4(1377 1369 1368 1376)
4(1378 1370 1369 1377)
4(1379 1371 1370 1378)
4(1380 1372 1371 1379)
4(1381 1373 1372 1380)
4(1382 1374 1373 1381)
4(1383 1375 1374 1382)
4(338 337 1375 1383)
4(1384 1376 240 241)
4(1385 1377 1376 1384)
4(1386 1378 1377 1385)
4(1387 1379 1378 1386)
4(1388 1380 1379 1387)
4(1389 1381 1380 1388)
4(1390 1382 1381 1389)
4(1391 1383 1382 1390)
4(339 338 1383 1391)
4(1392 1384 241 242)
4(1393 1385 1384 1392)
4(1394 1386 1385 1393)
4(1395 1387 1386 1394)
4(1396 1388 1387 1395)
4(1397 1389 1388 1396)
4(1398 1390 1389 1397)
4(1399 1391 1390 1398)
4(340 339 1391 1399)
4(1400 1392 242 243)
4(1401 1393 1392 1400)
4(1402 1394 1393 1401)
4(1403 1395 1394 1402)
4(1404 1396 1395 1403)
4(1405 1397 1396 1404)
4(1406 1398 1397 1405)
4(1407 1399 1398 1406)
4(341 340 1399 1407)
4(1408 1400 243 244)
4(1409 1401 1400 1408)
4(1410 1402 1401 1409)
4(1411 1403 1402 1410)
4(1412 1404 1403 1411)
4(1413 1405 1404 1412)
4(1414 1406 1405 1413)
4(1415 1407 1406 1414)
4(342 341 1407 1415)
4(1416 1408 244 245)
4(1417 1409 1408 1416)
4(1418 1410 1409 1417)
4(1419 1411 1410 1418)
4(1420 1412 1411 1419)
4(1421 1413 1412 1420)
4(1422 1414 1413 1421)
4(1423 1415 1414 1422)
4(343 342 1415 1423)
4(1424 1416 245 246)
4(1425 1417 1416 1424)
4(1426 1418 1417 1425)
4(1427 1419 1418 1426)
4(1428 1420 1419 1427)
4(1429 1421 1420 1428)
4(1430 1422 1421 1429)
4(1431 1423 1422 1430)
4(344 343 1423 1431)
4(1432 1424 246 247)
4(1433 1425 1424 1432)
4(1434 1426 1425 1433)
4(1435 1427 1426 1434)
4(1436 1428 1427 1435)
4(1437 1429 1428 1436)
4(1438 1430 1429 1437)
4(1439 1431 1430 1438)
4(345 344 1431 1439)
4(1440 1432 247 248)
4(1441 1433 1432 1440)
4(1442 1434 1433 1441)
4(1443 1435 1434 1442)
4(1444 1436 1435 1443)
4(1445 1437 1436 1444)
4(1446 1438 1437 1445)
4(1447 1439 1438 1446)
4(346 345 1439 1447)
4(1448 1440 248 249)
4(1449 1441 1440 1448)
4(1450 1442 1441 1449)
4(1451 1443 1442 1450)
4(1452 1444 1443 1451)
4(1453 1445 1444 1452)
4(1454 1446 1445 1453)
4(1455 1447 1446 1454)
4(347 346 1447 1455)
4(1456 1448 249 250)
4(1457 1449 1448 1456)
4(1458 1450 1449 1457)
4(1459 1451 1450 1458)
4(1460 1452 1451 1459)
4(1461 1453 1452 1460)
4(1462 1454 1453 1461)
4(1463 1455 1454 1462)
4(348 347 1455 1463)
4(1464 1456 250 251)
4(1465 1457 1456 1464)
4(1466 1458 1457 1465)
4(1467 1459 1458 1466)
4(1468 1460 1459 1467)
4(1469 1461 1460 1468)
4(1470 1462 1461 1469)
4(1471 1463 1462 1470)
4(349 348 1463 1471)
4(1472 1464 251 252)
4(1473 1465 1464 1472)
4(1474 1466 1465 1473)
4(1475 1467 1466 1474)
4(1476 1468 1467 1475)
4(1477 1469 1468 1476)
4(1478 1470 1469 1477)
4(1479 1471 1470 1478)
4(350 349 1471 1479)
4(1480 1472 252 253)
4(1481 1473 1472 1480)
4(1482 1474 1473 1481)
4(1483 1475 1474 1482)
4(1484 1476 1475 1483)
4(1485 1477 1476 1484)
4(1486 1478 1477 1485)
4(1487 1479 1478 1486)
4(351 350 1479 1487)
4(1488 1480 253 254)
4(1489 1481 1480 1488)
4(1490 1482 1481 1489)
4(1491 1483 1482 1490)
4(1492 1484 1483 1491)
4(1493 1485 1484 1492)
4(1494 1486 1485 1493)
4(1495 1487 1486 1494)
4(352 351 1487 1495)
4(1496 1488 254 255)
4(1497 1489 1488 1496)
4(1498 1490 1489 1497)
4(1499 1491 1490 1498)
4(1500 1492 1491 1499)
4(1501 1493 1492 1500)
4(1502 1494 1493 1501)
4(1503 1495 1494 1502)
4(353 352 1495 1503)
4(1504 1496 255 256)
4(1505 1497 1496 1504)
4(1506 1498 1497 1505)
4(1507 1499 1498 1506)
4(1508 1500 1499 1507)
4(1509 1501 1500 1508)
4(1510 1502 1501 1509)
4(1511 1503 1502 1510)
4(354 353 1503 1511)
4(1512 1504 256 257)
4(1513 1505 1504 1512)
4(1514 1506 1505 1513)
4(1515 1507 1506 1514)
4(1516 1508 1507 1515)
4(1517 1509 1508 1516)
4(1518 1510 1509 1517)
4(1519 1511 1510 1518)
4(355 354 1511 1519)
4(1520 1512 257 258)
4(1521 1513 1512 1520)
4(1522 1514 1513 1521)
4(1523 1515 1514 1522)
4(1524 1516 1515 1523)
4(1525 1517 1516 1524)
4(1526 1518 1517 1525)
4(1527 1519 1518 1526)
4(356 355 1519 1527)
4(1528 1520 258 259)
4(1529 1521 1520 1528)
4(1530 1522 1521 1529)
4(1531 1523 1522 1530)
4(1532 1524 1523 1531)
4(1533 1525 1524 1532)
4(1534 1526 1525 1533)
4(1535 1527 1526 1534)
4(357 356 1527 1535)
4(1536 1528 259 260)
4(1537 1529 1528 1536)
4(1538 1530 1529 1537)
4(1539 1531 1530 1538)
4(1540 1532 1531 1539)
4(1541 1533 1532 1540)
4(1542 1534 1533 1541)
4(1543 1535 1534 1542)
4(358 357 1535 1543)
4(1544 1536 260 261)
4(1545 1537 1536 1544)
4(1546 1538 1537 1545)
4(1547 1539 1538 1546)
4(1548 1540 1539 1547)
4(1549 1541 1540 1548)
4(1550 1542 1541 1549)
4(1551 1543 1542 1550)
4(359 358 1543 1551)
4(1552 1544 261 262)
4(1553 1545 1544 1552)
4(1554 1546 1545 1553)
4(1555 1547 1546 1554)
4(1556 1548 1547 1555)
4(1557 1549 1548 1556)
4(1558 1550 1549 1557)
4(1559 1551 1550 1558)
4(360 359 1551 1559)
4(1560 1552 262 263)
4(1561 1553 1552 1560)
4(1562 1554 1553 1561)
4(1563 1555 1554 1562)
4(1564 1556 1555 1563)
4(1565 1557 1556 1564)
4(1566 1558 1557 1565)
4(1567 1559 1558 1566)
4(361 360 1559 1567)
4(1568 1560 263 264)
4(1569 1561 1560 1568)
4(1570 1562 1561 1569)
4(1571 1563 1562 1570)
4(1572 1564 1563 1571)
4(1573 1565 1564 1572)
4(1574 1566 1565 1573)
4(1575 1567 1566 1574)
4(362 361 1567 1575)
4(1576 1568 264 265)
4(1577 1569 1568 1576)
4(1578 1570 1569 1577)
4(1579 1571 1570 1578)
4(1580 1572 1571 1579)
4(1581 1573 1572 1580)
4(1582 1574 1573 1581)
4(1583 1575 1574 1582)
4(363 362 1575 1583)
4(1584 1576 265 266)
4(1585 1577 1576 1584)
4(1586 1578 1577 1585)
4(1587 1579 1578 1586)
4(1588 1580 1579 1587)
4(1589 1581 1580 1588)
4(1590 1582 1581 1589)
4(1591 1583 1582 1590)
4(364 363 1583 1591)
4(1592 1584 266 267)
4(1593 1585 1584 1592)
4(1594 1586 1585 1593)
4(1595 1587 1586 1594)
4(1596 1588 1587 1595)
4(1597 1589 1588 1596)
4(1598 1590 1589 1597)
4(1599 1591 1590 1598)
4(365 364 1591 1599)
4(1600 1592 267 268)
4(1601 1593 1592 1600)
4(1602 1594 1593 1601)
4(1603 1595 1594 1602)
4(1604 1596 1595 1603)
4(1605 1597 1596 1604)
4(1606 1598 1597 1605)
4(1607 1599 1598 1606)
4(366 365 1599 1607)
4(1608 1600 268 269)
4(1609 1601 1600 1608)
4(1610 1602 1601 1609)
4(1611 1603 1602 1610)
4(1612 1604 1603 1611)
4(1613 1605 1604 1612)
4(1614 1606 1605 1613)
4(1615 1607 1606 1614)
4(367 366 1607 1615)
4(1616 1608 269 270)
4(1617 1609 1608 1616)
4(1618 1610 1609 1617)
4(1619 1611 1610 1618)
4(1620 1612 1611 1619)
4(1621 1613 1612 1620)
4(1622 1614 1613 1621)
4(1623 1615 1614 1622)
4(368 367 1615 1623)
4(1624 1616 270 271)
4(1625 1617 1616 1624)
4(1626 1618 1617 1625)
4(1627 1619 1618 1626)
4(1628 1620 1619 1627)
4(1629 1621 1620 1628)
4(1630 1622 1621 1629)
4(1631 1623 1622 1630)
4(369 368 1623 1631)
4(1632 1624 271 272)
4(1633 1625 1624 1632)
4(1634 1626 1625 1633)
4(1635 1627 1626 1634)
4(1636 1628 1627 1635)
4(1637 1629 1628 1636)
4(1638 1630 1629 1637)
4(1639 1631 1630 1638)
4(370 369 1631 1639)
4(1640 1632 272 273)
4(1641 1633 1632 1640)
4(1642 1634 1633 1641)
4(1643 1635 1634 1642)
4(1644 1636 1635 1643)
4(1645 1637 1636 1644)
4(1646 1638 1637 1645)
4(1647 1639 1638 1646)
4(371 370 1639 1647)
4(1648 1640 273 274)
4(1649 1641 1640 1648)
4(1650 1642 1641 1649)
4(1651 1643 1642 1650)
4(1652 1644 1643 1651)
4(1653 1645 1644 1652)
4(1654 1646 1645 1653)
4(1655 1647 1646 1654)
4(372 371 1647 1655)
4(1656 1648 274 275)
4(1657 1649 1648 1656)
4(1658 1650 1649 1657)
4(1659 1651 1650 1658)
4(1660 1652 1651 1659)
4(1661 1653 1652 1660)
4(1662 1654 1653 1661)
4(1663 1655 1654 1662)
4(373 372 1655 1663)
4(1664 1656 275 276)
4(1665 1657 1656 1664)
4(1666 1658 1657 1665)
4(1667 1659 1658 1666)
4(1668 1660 1659 1667)
4(1669 1661 1660 1668)
4(1670 1662 1661 1669)
4(1671 1663 1662 1670)
4(374 373 1663 1671)
4(1672 1664 276 277)
4(1673 1665 1664 1672)
4(1674 1666 1665 1673)
4(1675 1667 1666 1674)
4(1676 1668 1667 1675)
4(1677 1669 1668 1676)
4(1678 1670 1669 1677)
4(1679 1671 1670 1678)
4(375 374 1671 1679)
4(1680 1672 277 278)
4(1681 1673 1672 1680)
4(1682 1674 1673 1681)
4(1683 1675 1674 1682)
4(1684 1676 1675 1683)
4(1685 1677 1676 1684)
4(1686 1678 1677 1685)
4(1687 1679 1678 1686)
4(376 375 1679 1687)
4(1688 1680 278 279)
4(1689 1681 1680 1688)
4(1690 1682 1681 1689)
4(1691 1683 1682 1690)
4(1692 1684 1683 1691)
4(1693 1685 1684 1692)
4(1694 1686 1685 1693)
4(1695 1687 1686 1694)
4(377 376 1687 1695)
4(1696 1688 279 280)
4(1697 1689 1688 1696)
4(1698 1690 1689 1697)
4(1699 1691 1690 1698)
4(1700 1692 1691 1699)
4(1701 1693 1692 1700)
4(1702 1694 1693 1701)
4(1703 1695 1694 1702)
4(378 377 1695 1703)
4(1704 1696 280 281)
4(1705 1697 1696 1704)
4(1706 1698 1697 1705)
4(1707 1699 1698 1706)
4(1708 1700 1699 1707)
4(1709 1701 1700 1708)
4(1710 1702 1701 1709)
4(1711 1703 1702 1710)
4(379 378 1703 1711)
4(1712 1704 281 282)
4(1713 1705 1704 1712)
4(1714 1706 1705 1713)
4(1715 1707 1706 1714)
4(1716 1708 1707 1715)
4(1717 1709 1708 1716)
4(1718 1710 1709 1717)
4(1719 1711 1710 1718)
4(380 379 1711 1719)
4(1720 1712 282 283)
4(1721 1713 1712 1720)
4(1722 1714 1713 1721)
4(1723 1715 1714 1722)
4(1724 1716 1715 1723)
4(1725 1717 1716 1724)
4(1726 1718 1717 1725)
4(1727 1719 1718 1726)
4(381 380 1719 1727)
4(1728 1720 283 284)
4(1729 1721 1720 1728)
4(1730 1722 1721 1729)
4(1731 1723 1722 1730)
4(1732 1724 1723 1731)
4(1733 1725 1724 1732)
4(1734 1726 1725 1733)
4(1735 1727 1726 1734)
4(382 381 1727 1735)
4(1736 1728 284 285)
4(1737 1729 1728 1736)
4(1738 1730 1729 1737)
4(1739 1731 1730 1738)
4(1740 1732 1731 1739)
4(1741 1733 1732 1740)
4(1742 1734 1733 1741)
4(1743 1735 1734 1742)
4(383 382 1735 1743)
4(1744 1736 285 286)
4(1745 1737 1736 1744)
4(1746 1738 1737 1745)
4(1747 1739 1738 1746)
4(1748 1740 1739 1747)
4(1749 1741 1740 1748)
4(1750 1742 1741 1749)
4(1751 1743 1742 1750)
4(384 383 1743 1751)
4(1752 1744 286 287)
4(1753 1745 1744 1752)
4(1754 1746 1745 1753)
4(1755 1747 1746 1754)
4(1756 1748 1747 1755)
4(1757 1749 1748 1756)
4(1758 1750 1749 1757)
4(1759 1751 1750 1758)
4(385 384 1751 1759)
4(1760 1752 287 288)
4(1761 1753 1752 1760)
4(1762 1754 1753 1761)
4(1763 1755 1754 1762)
4(1764 1756 1755 1763)
4(1765 1757 1756 1764)
4(1766 1758 1757 1765)
4(1767 1759 1758 1766)
4(386 385 1759 1767)
4(1768 1760 288 289)
4(1769 1761 1760 1768)
4(1770 1762 1761 1769)
4(1771 1763 1762 1770)
4(1772 1764 1763 1771)
4(1773 1765 1764 1772)
4(1774 1766 1765 1773)
4(1775 1767 1766 1774)
4(387 386 1767 1775)
4(1776 1768 289 290)
4(1777 1769 1768 1776)
4(1778 1770 1769 1777)
4(1779 1771 1770 1778)
4(1780 1772 1771 1779)
4(1781 1773 1772 1780)
4(1782 1774 1773 1781)
4(1783 1775 1774 1782)
4(388 387 1775 1783)
4(1784 1776 290 291)
4(1785 1777 1776 1784)
4(1786 1778 1777 1785)
4(1787 1779 1778 1786)
4(1788 1780 1779 1787)
4(1789 1781 1780 1788)
4(1790 1782 1781 1789)
4(1791 1783 1782 1790)
4(389 388 1783 1791)
4(1792 1784 291 292)
4(1793 1785 1784 1792)
4(1794 1786 1785 1793)
4(1795 1787 1786 1794)
4(1796 1788 1787 1795)
4(1797 1789 1788 1796)
4(1798 1790 1789 1797)
4(1799 1791 1790 1798)
4(390 389 1791 1799)
4(1800 1792 292 293)
4(1801 1793 1792 1800)
4(1802 1794 1793 1801)
4(1803 1795 1794 1802)
4(1804 1796 1795 1803)
4(1805 1797 1796 1804)
4(1806 1798 1797 1805)
4(1807 1799 1798 1806)
4(391 390 1799 1807)
4(1808 1800 293 294)
4(1809 1801 1800 1808)
4(1810 1802 1801 1809)
4(1811 1803 1802 1810)
4(1812 1804 1803 1811)
4(1813 1805 1804 1812)
4(1814 1806 1805 1813)
4(1815 1807 1806 1814)
4(392 391 1807 1815)
4(1816 1808 294 295)
4(1817 1809 1808 1816)
4(1818 1810 1809 1817)
4(1819 1811 1810 1818)
4(1820 1812 1811 1819)
4(1821 1813 1812 1820)
4(1822 1814 1813 1821)
4(1823 1815 1814 1822)
4(393 392 1815 1823)
4(1824 1816 295 296)
4(1825 1817 1816 1824)
4(1826 1818 1817 1825)
4(1827 1819 1818 1826)
4(1828 1820 1819 1827)
4(1829 1821 1820 1828)
4(1830 1822 1821 1829)
4(1831 1823 1822 1830)
4(394 393 1823 1831)
4(1832 1824 296 297)
4(1833 1825 1824 1832)
4(1834 1826 1825 1833)
4(1835 1827 1826 1834)
4(1836 1828 1827 1835)
4(1837 1829 1828 1836)
4(1838 1830 1829 1837)
4(1839 1831 1830 1838)
4(395 394 1831 1839)
4(1840 1832 297 298)
4(1841 1833 1832 1840)
4(1842 1834 1833 1841)
4(1843 1835 1834 1842)
4(1844 1836 1835 1843)
4(1845 1837 1836 1844)
4(1846 1838 1837 1845)
4(1847 1839 1838 1846)
4(396 395 1839 1847)
4(1848 1840 298 299)
4(1849 1841 1840 1848)
4(1850 1842 1841 1849)
4(1851 1843 1842 1850)
4(1852 1844 1843 1851)
4(1853 1845 1844 1852)
4(1854 1846 1845 1853)
4(1855 1847 1846 1854)
4(397 396 1847 1855)
4(1856 1848 299 300)
4(1857 1849 1848 1856)
4(1858 1850 1849 1857)
4(1859 1851 1850 1858)
4(1860 1852 1851 1859)
4(1861 1853 1852 1860)
4(1862 1854 1853 1861)
4(1863 1855 1854 1862)
4(398 397 1855 1863)
4(1864 1856 300 301)
4(1865 1857 1856 1864)
4(1866 1858 1857 1865)
4(1867 1859 1858 1866)
4(1868 1860 1859 1867)
4(1869 1861 1860 1868)
4(1870 1862 1861 1869)
4(1871 1863 1862 1870)
4(399 398 1863 1871)
4(1872 1864 301 302)
4(1873 1865 1864 1872)
4(1874 1866 1865 1873)
4(1875 1867 1866 1874)
4(1876 1868 1867 1875)
4(1877 1869 1868 1876)
4(1878 1870 1869 1877)
4(1879 1871 1870 1878)
4(400 399 1871 1879)
4(1880 1872 302 303)
4(1881 1873 1872 1880)
4(1882 1874 1873 1881)
4(1883 1875 1874 1882)
4(1884 1876 1875 1883)
4(1885 1877 1876 1884)
4(1886 1878 1877 1885)
4(1887 1879 1878 1886)
4(401 400 1879 1887)
4(1888 1880 303 304)
4(1889 1881 1880 1888)
4(1890 1882 1881 1889)
4(1891 1883 1882 1890)
4(1892 1884 1883 1891)
4(1893 1885 1884 1892)
4(1894 1886 1885 1893)
4(1895 1887 1886 1894)
4(402 401 1887 1895)
4(1896 1888 304 305)
4(1897 1889 1888 1896)
4(1898 1890 1889 1897)
4(1899 1891 1890 1898)
4(1900 1892 1891 1899)
4(1901 1893 1892 1900)
4(1902 1894 1893 1901)
4(1903 1895 1894 1902)
4(403 402 1895 1903)
4(1904 1896 305 306)
4(1905 1897 1896 1904)
4(1906 1898 1897 1905)
4(1907 1899 1898 1906)
4(1908 1900 1899 1907)
4(1909 1901 1900 1908)
4(1910 1902 1901 1909)
4(1911 1903 1902 1910)
4(404 403 1903 1911)
4(1912 1904 306 307)
4(1913 1905 1904 1912)
4(1914 1906 1905 1913)
4(1915 1907 1906 1914)
4(1916 1908 1907 1915)
4(1917 1909 1908 1916)
4(1918 1910 1909 1917)
4(1919 1911 1910 1918)
4(405 404 1911 1919)
4(1920 1912 307 308)
4(1921 1913 1912 1920)
4(1922 1914 1913 1921)
4(1923 1915 1914 1922)
4(1924 1916 1915 1923)
4(1925 1917 1916 1924)
4(1926 1918 1917 1925)
4(1927 1919 1918 1926)
4(406 405 1919 1927)
4(1928 1920 308 309)
4(1929 1921 1920 1928)
4(1930 1922 1921 1929)
4(1931 1923 1922 1930)
4(1932 1924 1923 1931)
4(1933 1925 1924 1932)
4(1934 1926 1925 1933)
4(1935 1927 1926 1934)
4(407 406 1927 1935)
4(1936 1928 309 310)
4(1937 1929 1928 1936)
4(1938 1930 1929 1937)
4(1939 1931 1930 1938)
4(1940 1932 1931 1939)
4(1941 1933 1932 1940)
4(1942 1934 1933 1941)
4(1943 1935 1934 1942)
4(408 407 1935 1943)
4(1944 1936 310 311)
4(1945 1937 1936 1944)
4(1946 1938 1937 1945)
4(1947 1939 1938 1946)
4(1948 1940 1939 1947)
4(1949 1941 1940 1948)
4(1950 1942 1941 1949)
4(1951 1943 1942 1950)
4(409 408 1943 1951)
4(1952 1944 311 312)
4(1953 1945 1944 1952)
4(1954 1946 1945 1953)
4(1955 1947 1946 1954)
4(1956 1948 1947 1955)
4(1957 1949 1948 1956)
4(1958 1950 1949 1957)
4(1959 1951 1950 1958)
4(410 409 1951 1959)
4(1960 1952 312 313)
4(1961 1953 1952 1960)
4(1962 1954 1953 1961)
4(1963 1955 1954 1962)
4(1964 1956 1955 1963)
4(1965 1957 1956 1964)
4(1966 1958 1957 1965)
4(1967 1959 1958 1966)
4(411 410 1959 1967)
4(1968 1960 313 314)
4(1969 1961 1960 1968)
4(1970 1962 1961 1969)
4(1971 1963 1962 1970)
4(1972 1964 1963 1971)
4(1973 1965 1964 1972)
4(1974 1966 1965 1973)
4(1975 1967 1966 1974)
4(412 411 1967 1975)
4(1976 1968 314 315)
4(1977 1969 1968 1976)
4(1978 1970 1969 1977)
4(1979 1971 1970 1978)
4(1980 1972 1971 1979)
4(1981 1973 1972 1980)
4(1982 1974 1973 1981)
4(1983 1975 1974 1982)
4(413 412 1975 1983)
4(1984 1976 315 316)
4(1985 1977 1976 1984)
4(1986 1978 1977 1985)
4(1987 1979 1978 1986)
4(1988 1980 1979 1987)
4(1989 1981 1980 1988)
4(1990 1982 1981 1989)
4(1991 1983 1982 1990)
4(414 413 1983 1991)
4(1992 1984 316 317)
4(1993 1985 1984 1992)
4(1994 1986 1985 1993)
4(1995 1987 1986 1994)
4(1996 1988 1987 1995)
4(1997 1989 1988 1996)
4(1998 1990 1989 1997)
4(1999 1991 1990 1998)
4(415 414 1991 1999)
4(424 1992 317 5)
4(425 1993 1992 424)
4(426 1994 1993 425)
4(427 1995 1994 426)
4(428 1996 1995 427)
4(429 1997 1996 428)
4(430 1998 1997 429)
4(431 1999 1998 430)
4(7 415 1999 431)
4(220 4 0 8)
4(221 220 8 9)
4(222 221 9 10)
4(223 222 10 11)
4(224 223 11 12)
4(225 224 12 13)
4(226 225 13 14)
4(227 226 14 15)
4(228 227 15 16)
4(229 228 16 17)
4(230 229 17 18)
4(231 230 18 19)
4(232 231 19 20)
4(233 232 20 21)
4(234 233 21 22)
4(235 234 22 23)
4(236 235 23 24)
4(237 236 24 25)
4(238 237 25 26)
4(239 238 26 27)
4(240 239 27 28)
4(241 240 28 29)
4(242 241 29 30)
4(243 242 30 31)
4(244 243 31 32)
4(245 244 32 33)
4(246 245 33 34)
4(247 246 34 35)
4(248 247 35 36)
4(249 248 36 37)
4(250 249 37 38)
4(251 250 38 39)
4(252 251 39 40)
4(253 252 40 41)
4(254 253 41 42)
4(255 254 42 43)
4(256 255 43 44)
4(257 256 44 45)
4(258 257 45 46)
4(259 258 46 47)
4(260 259 47 48)
4(261 260 48 49)
4(262 261 49 50)
4(263 262 50 51)
4(264 263 51 52)
4(265 264 52 53)
4(266 265 53 54)
4(267 266 54 55)
4(268 267 55 56)
4(269 268 56 57)
4(270 269 57 58)
4(271 270 58 59)
4(272 271 59 60)
4(273 272 60 61)
4(274 273 61 62)
4(275 274 62 63)
4(276 275 63 64)
4(277 276 64 65)
4(278 277 65 66)
4(279 278 66 67)
4(280 279 67 68)
4(281 280 68 69)
4(282 281 69 70)
4(283 282 70 71)
4(284 283 71 72)
4(285 284 72 73)
4(286 285 73 74)
4(287 286 74 75)
4(288 287 75 76)
4(289 288 76 77)
4(290 289 77 78)
4(291 290 78 79)
4(292 291 79 80)
4(293 292 80 81)
4(294 293 81 82)
4(295 294 82 83)
4(296 295 83 84)
4(297 296 84 85)
4(298 297 85 86)
4(299 298 86 87)
4(300 299 87 88)
4(301 300 88 89)
4(302 301 89 90)
4(303 302 90 91)
4(304 303 91 92)
4(305 304 92 93)
4(306 305 93 94)
4(307 306 94 95)
4(308 307 95 96)
4(309 308 96 97)
4(310 309 97 98)
4(311 310 98 99)
4(312 311 99 100)
4(313 312 100 101)
4(314 313 101 102)
4(315 314 102 103)
4(316 315 103 104)
4(317 316 104 105)
4(5 317 105 1)
4(318 106 2 6)
4(319 107 106 318)
4(320 108 107 319)
4(321 109 108 320)
4(322 110 109 321)
4(323 111 110 322)
4(324 112 111 323)
4(325 113 112 324)
4(326 114 113 325)
4(327 115 114 326)
4(328 116 115 327)
4(329 117 116 328)
4(330 118 117 329)
4(331 119 118 330)
4(332 120 119 331)
4(333 121 120 332)
4(334 122 121 333)
4(335 123 122 334)
4(336 124 123 335)
4(337 125 124 336)
4(338 126 125 337)
4(339 127 126 338)
4(340 128 127 339)
4(341 129 128 340)
4(342 130 129 341)
4(343 131 130 342)
4(344 132 131 343)
4(345 133 132 344)
4(346 134 133 345)
4(347 135 134 346)
4(348 136 135 347)
4(349 137 136 348)
4(350 138 137 349)
4(351 139 138 350)
4(352 140 139 351)
4(353 141 140 352)
4(354 142 141 353)
4(355 143 142 354)
4(356 144 143 355)
4(357 145 144 356)
4(358 146 145 357)
4(359 147 146 358)
4(360 148 147 359)
4(361 149 148 360)
4(362 150 149 361)
4(363 151 150 362)
4(364 152 151 363)
4(365 153 152 364)
4(366 154 153 365)
4(367 155 154 366)
4(368 156 155 367)
4(369 157 156 368)
4(370 158 157 369)
4(371 159 158 370)
4(372 160 159 371)
4(373 161 160 372)
4(374 162 161 373)
4(375 163 162 374)
4(376 164 163 375)
4(377 165 164 376)
4(378 166 165 377)
4(379 167 166 378)
4(380 168 167 379)
4(381 169 168 380)
4(382 170 169 381)
4(383 171 170 382)
4(384 172 171 383)
4(385 173 172 384)
4(386 174 173 385)
4(387 175 174 386)
4(388 176 175 387)
4(389 177 176 388)
4(390 178 177 389)
4(391 179 178 390)
4(392 180 179 391)
4(393 181 180 392)
4(394 182 181 393)
4(395 183 182 394)
4(396 184 183 395)
4(397 185 184 396)
4(398 186 185 397)
4(399 187 186 398)
4(400 188 187 399)
4(401 189 188 400)
4(402 190 189 401)
4(403 191 190 402)
4(404 192 191 403)
4(405 193 192 404)
4(406 194 193 405)
4(407 195 194 406)
4(408 196 195 407)
4(409 197 196 408)
4(410 198 197 409)
4(411 199 198 410)
4(412 200 199 411)
4(413 201 200 412)
4(414 202 201 413)
4(415 203 202 414)
4(7 3 203 415)
4(416 204 0 4)
4(417 205 204 416)
4(418 206 205 417)
4(419 207 206 418)
4(420 208 207 419)
4(421 209 208 420)
4(422 210 209 421)
4(423 211 210 422)
4(6 2 211 423)
4(424 5 1 212)
4(425 424 212 213)
4(426 425 213 214)
4(427 426 214 215)
4(428 427 215 216)
4(429 428 216 217)
4(430 429 217 218)
4(431 430 218 219)
4(7 431 219 3)
)


// ************************************************************************* //
