/*--------------------------------*- C++ -*----------------------------------*\
  =========                 |
  \\      /  F ield         | OpenFOAM: The Open Source CFD Toolbox
   \\    /   O peration     | Website:  https://openfoam.org
    \\  /    A nd           | Version:  12
     \\/     M anipulation  |
\*---------------------------------------------------------------------------*/
FoamFile
{
    format      ascii;
    class       labelList;
    note        "nPoints: 2000 nCells: 891 nFaces: 3672 nInternalFaces: 1674";
    location    "constant/polyMesh";
    object      neighbour;
}
// * * * * * * * * * * * * * * * * * * * * * * * * * * * * * * * * * * * * * //


1674
(
1
9
2
10
3
11
4
12
5
13
6
14
7
15
8
16
17
10
18
11
19
12
20
13
21
14
22
15
23
16
24
17
25
26
19
27
20
28
21
29
22
30
23
31
24
32
25
33
26
34
35
28
36
29
37
30
38
31
39
32
40
33
41
34
42
35
43
44
37
45
38
46
39
47
40
48
41
49
42
50
43
51
44
52
53
46
54
47
55
48
56
49
57
50
58
51
59
52
60
53
61
62
55
63
56
64
57
65
58
66
59
67
60
68
61
69
62
70
71
64
72
65
73
66
74
67
75
68
76
69
77
70
78
71
79
80
73
81
74
82
75
83
76
84
77
85
78
86
79
87
80
88
89
82
90
83
91
84
92
85
93
86
94
87
95
88
96
89
97
98
91
99
92
100
93
101
94
102
95
103
96
104
97
105
98
106
107
100
108
101
109
102
110
103
111
104
112
105
113
106
114
107
115
116
109
117
110
118
111
119
112
120
113
121
114
122
115
123
116
124
125
118
126
119
127
120
128
121
129
122
130
123
131
124
132
125
133
134
127
135
128
136
129
137
130
138
131
139
132
140
133
141
134
142
143
136
144
137
145
138
146
139
147
140
148
141
149
142
150
143
151
152
145
153
146
154
147
155
148
156
149
157
150
158
151
159
152
160
161
154
162
155
163
156
164
157
165
158
166
159
167
160
168
161
169
170
163
171
164
172
165
173
166
174
167
175
168
176
169
177
170
178
179
172
180
173
181
174
182
175
183
176
184
177
185
178
186
179
187
188
181
189
182
190
183
191
184
192
185
193
186
194
187
195
188
196
197
190
198
191
199
192
200
193
201
194
202
195
203
196
204
197
205
206
199
207
200
208
201
209
202
210
203
211
204
212
205
213
206
214
215
208
216
209
217
210
218
211
219
212
220
213
221
214
222
215
223
224
217
225
218
226
219
227
220
228
221
229
222
230
223
231
224
232
233
226
234
227
235
228
236
229
237
230
238
231
239
232
240
233
241
242
235
243
236
244
237
245
238
246
239
247
240
248
241
249
242
250
251
244
252
245
253
246
254
247
255
248
256
249
257
250
258
251
259
260
253
261
254
262
255
263
256
264
257
265
258
266
259
267
260
268
269
262
270
263
271
264
272
265
273
266
274
267
275
268
276
269
277
278
271
279
272
280
273
281
274
282
275
283
276
284
277
285
278
286
287
280
288
281
289
282
290
283
291
284
292
285
293
286
294
287
295
296
289
297
290
298
291
299
292
300
293
301
294
302
295
303
296
304
305
298
306
299
307
300
308
301
309
302
310
303
311
304
312
305
313
314
307
315
308
316
309
317
310
318
311
319
312
320
313
321
314
322
323
316
324
317
325
318
326
319
327
320
328
321
329
322
330
323
331
332
325
333
326
334
327
335
328
336
329
337
330
338
331
339
332
340
341
334
342
335
343
336
344
337
345
338
346
339
347
340
348
341
349
350
343
351
344
352
345
353
346
354
347
355
348
356
349
357
350
358
359
352
360
353
361
354
362
355
363
356
364
357
365
358
366
359
367
368
361
369
362
370
363
371
364
372
365
373
366
374
367
375
368
376
377
370
378
371
379
372
380
373
381
374
382
375
383
376
384
377
385
386
379
387
380
388
381
389
382
390
383
391
384
392
385
393
386
394
395
388
396
389
397
390
398
391
399
392
400
393
401
394
402
395
403
404
397
405
398
406
399
407
400
408
401
409
402
410
403
411
404
412
413
406
414
407
415
408
416
409
417
410
418
411
419
412
420
413
421
422
415
423
416
424
417
425
418
426
419
427
420
428
421
429
422
430
431
424
432
425
433
426
434
427
435
428
436
429
437
430
438
431
439
440
433
441
434
442
435
443
436
444
437
445
438
446
439
447
440
448
449
442
450
443
451
444
452
445
453
446
454
447
455
448
456
449
457
458
451
459
452
460
453
461
454
462
455
463
456
464
457
465
458
466
467
460
468
461
469
462
470
463
471
464
472
465
473
466
474
467
475
476
469
477
470
478
471
479
472
480
473
481
474
482
475
483
476
484
485
478
486
479
487
480
488
481
489
482
490
483
491
484
492
485
493
494
487
495
488
496
489
497
490
498
491
499
492
500
493
501
494
502
503
496
504
497
505
498
506
499
507
500
508
501
509
502
510
503
511
512
505
513
506
514
507
515
508
516
509
517
510
518
511
519
512
520
521
514
522
515
523
516
524
517
525
518
526
519
527
520
528
521
529
530
523
531
524
532
525
533
526
534
527
535
528
536
529
537
530
538
539
532
540
533
541
534
542
535
543
536
544
537
545
538
546
539
547
548
541
549
542
550
543
551
544
552
545
553
546
554
547
555
548
556
557
550
558
551
559
552
560
553
561
554
562
555
563
556
564
557
565
566
559
567
560
568
561
569
562
570
563
571
564
572
565
573
566
574
575
568
576
569
577
570
578
571
579
572
580
573
581
574
582
575
583
584
577
585
578
586
579
587
580
588
581
589
582
590
583
591
584
592
593
586
594
587
595
588
596
589
597
590
598
591
599
592
600
593
601
602
595
603
596
604
597
605
598
606
599
607
600
608
601
609
602
610
611
604
612
605
613
606
614
607
615
608
616
609
617
610
618
611
619
620
613
621
614
622
615
623
616
624
617
625
618
626
619
627
620
628
629
622
630
623
631
624
632
625
633
626
634
627
635
628
636
629
637
638
631
639
632
640
633
641
634
642
635
643
636
644
637
645
638
646
647
640
648
641
649
642
650
643
651
644
652
645
653
646
654
647
655
656
649
657
650
658
651
659
652
660
653
661
654
662
655
663
656
664
665
658
666
659
667
660
668
661
669
662
670
663
671
664
672
665
673
674
667
675
668
676
669
677
670
678
671
679
672
680
673
681
674
682
683
676
684
677
685
678
686
679
687
680
688
681
689
682
690
683
691
692
685
693
686
694
687
695
688
696
689
697
690
698
691
699
692
700
701
694
702
695
703
696
704
697
705
698
706
699
707
700
708
701
709
710
703
711
704
712
705
713
706
714
707
715
708
716
709
717
710
718
719
712
720
713
721
714
722
715
723
716
724
717
725
718
726
719
727
728
721
729
722
730
723
731
724
732
725
733
726
734
727
735
728
736
737
730
738
731
739
732
740
733
741
734
742
735
743
736
744
737
745
746
739
747
740
748
741
749
742
750
743
751
744
752
745
753
746
754
755
748
756
749
757
750
758
751
759
752
760
753
761
754
762
755
763
764
757
765
758
766
759
767
760
768
761
769
762
770
763
771
764
772
773
766
774
767
775
768
776
769
777
770
778
771
779
772
780
773
781
782
775
783
776
784
777
785
778
786
779
787
780
788
781
789
782
790
791
784
792
785
793
786
794
787
795
788
796
789
797
790
798
791
799
800
793
801
794
802
795
803
796
804
797
805
798
806
799
807
800
808
809
802
810
803
811
804
812
805
813
806
814
807
815
808
816
809
817
818
811
819
812
820
813
821
814
822
815
823
816
824
817
825
818
826
827
820
828
821
829
822
830
823
831
824
832
825
833
826
834
827
835
836
829
837
830
838
831
839
832
840
833
841
834
842
835
843
836
844
845
838
846
839
847
840
848
841
849
842
850
843
851
844
852
845
853
854
847
855
848
856
849
857
850
858
851
859
852
860
853
861
854
862
863
856
864
857
865
858
866
859
867
860
868
861
869
862
870
863
871
872
865
873
866
874
867
875
868
876
869
877
870
878
871
879
872
880
881
874
882
875
883
876
884
877
885
878
886
879
887
880
888
881
889
890
883
884
885
886
887
888
889
890
)


// ************************************************************************* //
