/*--------------------------------*- C++ -*----------------------------------*\
  =========                 |
  \\      /  F ield         | OpenFOAM: The Open Source CFD Toolbox
   \\    /   O peration     | Website:  https://openfoam.org
    \\  /    A nd           | Version:  12
     \\/     M anipulation  |
\*---------------------------------------------------------------------------*/
FoamFile
{
    format      ascii;
    class       vectorField;
    location    "constant/polyMesh";
    object      points;
}
// * * * * * * * * * * * * * * * * * * * * * * * * * * * * * * * * * * * * * //


2000
(
(0 0 0)
(10 0 0)
(0 1 0)
(10 1 0)
(0 0 1)
(10 0 1)
(0 1 1)
(10 1 1)
(0.101010101 0 0)
(0.202020202 0 0)
(0.303030303 0 0)
(0.404040404 0 0)
(0.5050505051 0 0)
(0.6060606061 0 0)
(0.7070707071 0 0)
(0.8080808081 0 0)
(0.9090909091 0 0)
(1.01010101 0 0)
(1.111111111 0 0)
(1.212121212 0 0)
(1.313131313 0 0)
(1.414141414 0 0)
(1.515151515 0 0)
(1.616161616 0 0)
(1.717171717 0 0)
(1.818181818 0 0)
(1.919191919 0 0)
(2.02020202 0 0)
(2.121212121 0 0)
(2.222222222 0 0)
(2.323232323 0 0)
(2.424242424 0 0)
(2.525252525 0 0)
(2.626262626 0 0)
(2.727272727 0 0)
(2.828282828 0 0)
(2.929292929 0 0)
(3.03030303 0 0)
(3.131313131 0 0)
(3.232323232 0 0)
(3.333333333 0 0)
(3.434343434 0 0)
(3.535353535 0 0)
(3.636363636 0 0)
(3.737373737 0 0)
(3.838383838 0 0)
(3.939393939 0 0)
(4.04040404 0 0)
(4.141414141 0 0)
(4.242424242 0 0)
(4.343434343 0 0)
(4.444444444 0 0)
(4.545454545 0 0)
(4.646464646 0 0)
(4.747474747 0 0)
(4.848484848 0 0)
(4.949494949 0 0)
(5.05050505 0 0)
(5.151515152 0 0)
(5.252525253 0 0)
(5.353535354 0 0)
(5.454545455 0 0)
(5.555555556 0 0)
(5.656565657 0 0)
(5.757575758 0 0)
(5.858585859 0 0)
(5.95959596 0 0)
(6.060606061 0 0)
(6.161616162 0 0)
(6.262626263 0 0)
(6.363636364 0 0)
(6.464646465 0 0)
(6.565656566 0 0)
(6.666666667 0 0)
(6.767676768 0 0)
(6.868686869 0 0)
(6.96969697 0 0)
(7.070707071 0 0)
(7.171717172 0 0)
(7.272727273 0 0)
(7.373737374 0 0)
(7.474747475 0 0)
(7.575757576 0 0)
(7.676767677 0 0)
(7.777777778 0 0)
(7.878787879 0 0)
(7.97979798 0 0)
(8.080808081 0 0)
(8.181818182 0 0)
(8.282828283 0 0)
(8.383838384 0 0)
(8.484848485 0 0)
(8.585858586 0 0)
(8.686868687 0 0)
(8.787878788 0 0)
(8.888888889 0 0)
(8.98989899 0 0)
(9.090909091 0 0)
(9.191919192 0 0)
(9.292929293 0 0)
(9.393939394 0 0)
(9.494949495 0 0)
(9.595959596 0 0)
(9.696969697 0 0)
(9.797979798 0 0)
(9.898989899 0 0)
(0.101010101 1 0)
(0.202020202 1 0)
(0.303030303 1 0)
(0.404040404 1 0)
(0.5050505051 1 0)
(0.6060606061 1 0)
(0.7070707071 1 0)
(0.8080808081 1 0)
(0.9090909091 1 0)
(1.01010101 1 0)
(1.111111111 1 0)
(1.212121212 1 0)
(1.313131313 1 0)
(1.414141414 1 0)
(1.515151515 1 0)
(1.616161616 1 0)
(1.717171717 1 0)
(1.818181818 1 0)
(1.919191919 1 0)
(2.02020202 1 0)
(2.121212121 1 0)
(2.222222222 1 0)
(2.323232323 1 0)
(2.424242424 1 0)
(2.525252525 1 0)
(2.626262626 1 0)
(2.727272727 1 0)
(2.828282828 1 0)
(2.929292929 1 0)
(3.03030303 1 0)
(3.131313131 1 0)
(3.232323232 1 0)
(3.333333333 1 0)
(3.434343434 1 0)
(3.535353535 1 0)
(3.636363636 1 0)
(3.737373737 1 0)
(3.838383838 1 0)
(3.939393939 1 0)
(4.04040404 1 0)
(4.141414141 1 0)
(4.242424242 1 0)
(4.343434343 1 0)
(4.444444444 1 0)
(4.545454545 1 0)
(4.646464646 1 0)
(4.747474747 1 0)
(4.848484848 1 0)
(4.949494949 1 0)
(5.05050505 1 0)
(5.151515152 1 0)
(5.252525253 1 0)
(5.353535354 1 0)
(5.454545455 1 0)
(5.555555556 1 0)
(5.656565657 1 0)
(5.757575758 1 0)
(5.858585859 1 0)
(5.95959596 1 0)
(6.060606061 1 0)
(6.161616162 1 0)
(6.262626263 1 0)
(6.363636364 1 0)
(6.464646465 1 0)
(6.565656566 1 0)
(6.666666667 1 0)
(6.767676768 1 0)
(6.868686869 1 0)
(6.96969697 1 0)
(7.070707071 1 0)
(7.171717172 1 0)
(7.272727273 1 0)
(7.373737374 1 0)
(7.474747475 1 0)
(7.575757576 1 0)
(7.676767677 1 0)
(7.777777778 1 0)
(7.878787879 1 0)
(7.97979798 1 0)
(8.080808081 1 0)
(8.181818182 1 0)
(8.282828283 1 0)
(8.383838384 1 0)
(8.484848485 1 0)
(8.585858586 1 0)
(8.686868687 1 0)
(8.787878788 1 0)
(8.888888889 1 0)
(8.98989899 1 0)
(9.090909091 1 0)
(9.191919192 1 0)
(9.292929293 1 0)
(9.393939394 1 0)
(9.494949495 1 0)
(9.595959596 1 0)
(9.696969697 1 0)
(9.797979798 1 0)
(9.898989899 1 0)
(0 0.1111111111 0)
(0 0.2222222222 0)
(0 0.3333333333 0)
(0 0.4444444444 0)
(0 0.5555555556 0)
(0 0.6666666667 0)
(0 0.7777777778 0)
(0 0.8888888889 0)
(10 0.1111111111 0)
(10 0.2222222222 0)
(10 0.3333333333 0)
(10 0.4444444444 0)
(10 0.5555555556 0)
(10 0.6666666667 0)
(10 0.7777777778 0)
(10 0.8888888889 0)
(0.101010101 0 1)
(0.202020202 0 1)
(0.303030303 0 1)
(0.404040404 0 1)
(0.5050505051 0 1)
(0.6060606061 0 1)
(0.7070707071 0 1)
(0.8080808081 0 1)
(0.9090909091 0 1)
(1.01010101 0 1)
(1.111111111 0 1)
(1.212121212 0 1)
(1.313131313 0 1)
(1.414141414 0 1)
(1.515151515 0 1)
(1.616161616 0 1)
(1.717171717 0 1)
(1.818181818 0 1)
(1.919191919 0 1)
(2.02020202 0 1)
(2.121212121 0 1)
(2.222222222 0 1)
(2.323232323 0 1)
(2.424242424 0 1)
(2.525252525 0 1)
(2.626262626 0 1)
(2.727272727 0 1)
(2.828282828 0 1)
(2.929292929 0 1)
(3.03030303 0 1)
(3.131313131 0 1)
(3.232323232 0 1)
(3.333333333 0 1)
(3.434343434 0 1)
(3.535353535 0 1)
(3.636363636 0 1)
(3.737373737 0 1)
(3.838383838 0 1)
(3.939393939 0 1)
(4.04040404 0 1)
(4.141414141 0 1)
(4.242424242 0 1)
(4.343434343 0 1)
(4.444444444 0 1)
(4.545454545 0 1)
(4.646464646 0 1)
(4.747474747 0 1)
(4.848484848 0 1)
(4.949494949 0 1)
(5.05050505 0 1)
(5.151515152 0 1)
(5.252525253 0 1)
(5.353535354 0 1)
(5.454545455 0 1)
(5.555555556 0 1)
(5.656565657 0 1)
(5.757575758 0 1)
(5.858585859 0 1)
(5.95959596 0 1)
(6.060606061 0 1)
(6.161616162 0 1)
(6.262626263 0 1)
(6.363636364 0 1)
(6.464646465 0 1)
(6.565656566 0 1)
(6.666666667 0 1)
(6.767676768 0 1)
(6.868686869 0 1)
(6.96969697 0 1)
(7.070707071 0 1)
(7.171717172 0 1)
(7.272727273 0 1)
(7.373737374 0 1)
(7.474747475 0 1)
(7.575757576 0 1)
(7.676767677 0 1)
(7.777777778 0 1)
(7.878787879 0 1)
(7.97979798 0 1)
(8.080808081 0 1)
(8.181818182 0 1)
(8.282828283 0 1)
(8.383838384 0 1)
(8.484848485 0 1)
(8.585858586 0 1)
(8.686868687 0 1)
(8.787878788 0 1)
(8.888888889 0 1)
(8.98989899 0 1)
(9.090909091 0 1)
(9.191919192 0 1)
(9.292929293 0 1)
(9.393939394 0 1)
(9.494949495 0 1)
(9.595959596 0 1)
(9.696969697 0 1)
(9.797979798 0 1)
(9.898989899 0 1)
(0.101010101 1 1)
(0.202020202 1 1)
(0.303030303 1 1)
(0.404040404 1 1)
(0.5050505051 1 1)
(0.6060606061 1 1)
(0.7070707071 1 1)
(0.8080808081 1 1)
(0.9090909091 1 1)
(1.01010101 1 1)
(1.111111111 1 1)
(1.212121212 1 1)
(1.313131313 1 1)
(1.414141414 1 1)
(1.515151515 1 1)
(1.616161616 1 1)
(1.717171717 1 1)
(1.818181818 1 1)
(1.919191919 1 1)
(2.02020202 1 1)
(2.121212121 1 1)
(2.222222222 1 1)
(2.323232323 1 1)
(2.424242424 1 1)
(2.525252525 1 1)
(2.626262626 1 1)
(2.727272727 1 1)
(2.828282828 1 1)
(2.929292929 1 1)
(3.03030303 1 1)
(3.131313131 1 1)
(3.232323232 1 1)
(3.333333333 1 1)
(3.434343434 1 1)
(3.535353535 1 1)
(3.636363636 1 1)
(3.737373737 1 1)
(3.838383838 1 1)
(3.939393939 1 1)
(4.04040404 1 1)
(4.141414141 1 1)
(4.242424242 1 1)
(4.343434343 1 1)
(4.444444444 1 1)
(4.545454545 1 1)
(4.646464646 1 1)
(4.747474747 1 1)
(4.848484848 1 1)
(4.949494949 1 1)
(5.05050505 1 1)
(5.151515152 1 1)
(5.252525253 1 1)
(5.353535354 1 1)
(5.454545455 1 1)
(5.555555556 1 1)
(5.656565657 1 1)
(5.757575758 1 1)
(5.858585859 1 1)
(5.95959596 1 1)
(6.060606061 1 1)
(6.161616162 1 1)
(6.262626263 1 1)
(6.363636364 1 1)
(6.464646465 1 1)
(6.565656566 1 1)
(6.666666667 1 1)
(6.767676768 1 1)
(6.868686869 1 1)
(6.96969697 1 1)
(7.070707071 1 1)
(7.171717172 1 1)
(7.272727273 1 1)
(7.373737374 1 1)
(7.474747475 1 1)
(7.575757576 1 1)
(7.676767677 1 1)
(7.777777778 1 1)
(7.878787879 1 1)
(7.97979798 1 1)
(8.080808081 1 1)
(8.181818182 1 1)
(8.282828283 1 1)
(8.383838384 1 1)
(8.484848485 1 1)
(8.585858586 1 1)
(8.686868687 1 1)
(8.787878788 1 1)
(8.888888889 1 1)
(8.98989899 1 1)
(9.090909091 1 1)
(9.191919192 1 1)
(9.292929293 1 1)
(9.393939394 1 1)
(9.494949495 1 1)
(9.595959596 1 1)
(9.696969697 1 1)
(9.797979798 1 1)
(9.898989899 1 1)
(0 0.1111111111 1)
(0 0.2222222222 1)
(0 0.3333333333 1)
(0 0.4444444444 1)
(0 0.5555555556 1)
(0 0.6666666667 1)
(0 0.7777777778 1)
(0 0.8888888889 1)
(10 0.1111111111 1)
(10 0.2222222222 1)
(10 0.3333333333 1)
(10 0.4444444444 1)
(10 0.5555555556 1)
(10 0.6666666667 1)
(10 0.7777777778 1)
(10 0.8888888889 1)
(0.101010101 0.1111111111 0)
(0.101010101 0.2222222222 0)
(0.101010101 0.3333333333 0)
(0.101010101 0.4444444444 0)
(0.101010101 0.5555555556 0)
(0.101010101 0.6666666667 0)
(0.101010101 0.7777777778 0)
(0.101010101 0.8888888889 0)
(0.202020202 0.1111111111 0)
(0.202020202 0.2222222222 0)
(0.202020202 0.3333333333 0)
(0.202020202 0.4444444444 0)
(0.202020202 0.5555555556 0)
(0.202020202 0.6666666667 0)
(0.202020202 0.7777777778 0)
(0.202020202 0.8888888889 0)
(0.303030303 0.1111111111 0)
(0.303030303 0.2222222222 0)
(0.303030303 0.3333333333 0)
(0.303030303 0.4444444444 0)
(0.303030303 0.5555555556 0)
(0.303030303 0.6666666667 0)
(0.303030303 0.7777777778 0)
(0.303030303 0.8888888889 0)
(0.404040404 0.1111111111 0)
(0.404040404 0.2222222222 0)
(0.404040404 0.3333333333 0)
(0.404040404 0.4444444444 0)
(0.404040404 0.5555555556 0)
(0.404040404 0.6666666667 0)
(0.404040404 0.7777777778 0)
(0.404040404 0.8888888889 0)
(0.5050505051 0.1111111111 0)
(0.5050505051 0.2222222222 0)
(0.5050505051 0.3333333333 0)
(0.5050505051 0.4444444444 0)
(0.5050505051 0.5555555556 0)
(0.5050505051 0.6666666667 0)
(0.5050505051 0.7777777778 0)
(0.5050505051 0.8888888889 0)
(0.6060606061 0.1111111111 0)
(0.6060606061 0.2222222222 0)
(0.6060606061 0.3333333333 0)
(0.6060606061 0.4444444444 0)
(0.6060606061 0.5555555556 0)
(0.6060606061 0.6666666667 0)
(0.6060606061 0.7777777778 0)
(0.6060606061 0.8888888889 0)
(0.7070707071 0.1111111111 0)
(0.7070707071 0.2222222222 0)
(0.7070707071 0.3333333333 0)
(0.7070707071 0.4444444444 0)
(0.7070707071 0.5555555556 0)
(0.7070707071 0.6666666667 0)
(0.7070707071 0.7777777778 0)
(0.7070707071 0.8888888889 0)
(0.8080808081 0.1111111111 0)
(0.8080808081 0.2222222222 0)
(0.8080808081 0.3333333333 0)
(0.8080808081 0.4444444444 0)
(0.8080808081 0.5555555556 0)
(0.8080808081 0.6666666667 0)
(0.8080808081 0.7777777778 0)
(0.8080808081 0.8888888889 0)
(0.9090909091 0.1111111111 0)
(0.9090909091 0.2222222222 0)
(0.9090909091 0.3333333333 0)
(0.9090909091 0.4444444444 0)
(0.9090909091 0.5555555556 0)
(0.9090909091 0.6666666667 0)
(0.9090909091 0.7777777778 0)
(0.9090909091 0.8888888889 0)
(1.01010101 0.1111111111 0)
(1.01010101 0.2222222222 0)
(1.01010101 0.3333333333 0)
(1.01010101 0.4444444444 0)
(1.01010101 0.5555555556 0)
(1.01010101 0.6666666667 0)
(1.01010101 0.7777777778 0)
(1.01010101 0.8888888889 0)
(1.111111111 0.1111111111 0)
(1.111111111 0.2222222222 0)
(1.111111111 0.3333333333 0)
(1.111111111 0.4444444444 0)
(1.111111111 0.5555555556 0)
(1.111111111 0.6666666667 0)
(1.111111111 0.7777777778 0)
(1.111111111 0.8888888889 0)
(1.212121212 0.1111111111 0)
(1.212121212 0.2222222222 0)
(1.212121212 0.3333333333 0)
(1.212121212 0.4444444444 0)
(1.212121212 0.5555555556 0)
(1.212121212 0.6666666667 0)
(1.212121212 0.7777777778 0)
(1.212121212 0.8888888889 0)
(1.313131313 0.1111111111 0)
(1.313131313 0.2222222222 0)
(1.313131313 0.3333333333 0)
(1.313131313 0.4444444444 0)
(1.313131313 0.5555555556 0)
(1.313131313 0.6666666667 0)
(1.313131313 0.7777777778 0)
(1.313131313 0.8888888889 0)
(1.414141414 0.1111111111 0)
(1.414141414 0.2222222222 0)
(1.414141414 0.3333333333 0)
(1.414141414 0.4444444444 0)
(1.414141414 0.5555555556 0)
(1.414141414 0.6666666667 0)
(1.414141414 0.7777777778 0)
(1.414141414 0.8888888889 0)
(1.515151515 0.1111111111 0)
(1.515151515 0.2222222222 0)
(1.515151515 0.3333333333 0)
(1.515151515 0.4444444444 0)
(1.515151515 0.5555555556 0)
(1.515151515 0.6666666667 0)
(1.515151515 0.7777777778 0)
(1.515151515 0.8888888889 0)
(1.616161616 0.1111111111 0)
(1.616161616 0.2222222222 0)
(1.616161616 0.3333333333 0)
(1.616161616 0.4444444444 0)
(1.616161616 0.5555555556 0)
(1.616161616 0.6666666667 0)
(1.616161616 0.7777777778 0)
(1.616161616 0.8888888889 0)
(1.717171717 0.1111111111 0)
(1.717171717 0.2222222222 0)
(1.717171717 0.3333333333 0)
(1.717171717 0.4444444444 0)
(1.717171717 0.5555555556 0)
(1.717171717 0.6666666667 0)
(1.717171717 0.7777777778 0)
(1.717171717 0.8888888889 0)
(1.818181818 0.1111111111 0)
(1.818181818 0.2222222222 0)
(1.818181818 0.3333333333 0)
(1.818181818 0.4444444444 0)
(1.818181818 0.5555555556 0)
(1.818181818 0.6666666667 0)
(1.818181818 0.7777777778 0)
(1.818181818 0.8888888889 0)
(1.919191919 0.1111111111 0)
(1.919191919 0.2222222222 0)
(1.919191919 0.3333333333 0)
(1.919191919 0.4444444444 0)
(1.919191919 0.5555555556 0)
(1.919191919 0.6666666667 0)
(1.919191919 0.7777777778 0)
(1.919191919 0.8888888889 0)
(2.02020202 0.1111111111 0)
(2.02020202 0.2222222222 0)
(2.02020202 0.3333333333 0)
(2.02020202 0.4444444444 0)
(2.02020202 0.5555555556 0)
(2.02020202 0.6666666667 0)
(2.02020202 0.7777777778 0)
(2.02020202 0.8888888889 0)
(2.121212121 0.1111111111 0)
(2.121212121 0.2222222222 0)
(2.121212121 0.3333333333 0)
(2.121212121 0.4444444444 0)
(2.121212121 0.5555555556 0)
(2.121212121 0.6666666667 0)
(2.121212121 0.7777777778 0)
(2.121212121 0.8888888889 0)
(2.222222222 0.1111111111 0)
(2.222222222 0.2222222222 0)
(2.222222222 0.3333333333 0)
(2.222222222 0.4444444444 0)
(2.222222222 0.5555555556 0)
(2.222222222 0.6666666667 0)
(2.222222222 0.7777777778 0)
(2.222222222 0.8888888889 0)
(2.323232323 0.1111111111 0)
(2.323232323 0.2222222222 0)
(2.323232323 0.3333333333 0)
(2.323232323 0.4444444444 0)
(2.323232323 0.5555555556 0)
(2.323232323 0.6666666667 0)
(2.323232323 0.7777777778 0)
(2.323232323 0.8888888889 0)
(2.424242424 0.1111111111 0)
(2.424242424 0.2222222222 0)
(2.424242424 0.3333333333 0)
(2.424242424 0.4444444444 0)
(2.424242424 0.5555555556 0)
(2.424242424 0.6666666667 0)
(2.424242424 0.7777777778 0)
(2.424242424 0.8888888889 0)
(2.525252525 0.1111111111 0)
(2.525252525 0.2222222222 0)
(2.525252525 0.3333333333 0)
(2.525252525 0.4444444444 0)
(2.525252525 0.5555555556 0)
(2.525252525 0.6666666667 0)
(2.525252525 0.7777777778 0)
(2.525252525 0.8888888889 0)
(2.626262626 0.1111111111 0)
(2.626262626 0.2222222222 0)
(2.626262626 0.3333333333 0)
(2.626262626 0.4444444444 0)
(2.626262626 0.5555555556 0)
(2.626262626 0.6666666667 0)
(2.626262626 0.7777777778 0)
(2.626262626 0.8888888889 0)
(2.727272727 0.1111111111 0)
(2.727272727 0.2222222222 0)
(2.727272727 0.3333333333 0)
(2.727272727 0.4444444444 0)
(2.727272727 0.5555555556 0)
(2.727272727 0.6666666667 0)
(2.727272727 0.7777777778 0)
(2.727272727 0.8888888889 0)
(2.828282828 0.1111111111 0)
(2.828282828 0.2222222222 0)
(2.828282828 0.3333333333 0)
(2.828282828 0.4444444444 0)
(2.828282828 0.5555555556 0)
(2.828282828 0.6666666667 0)
(2.828282828 0.7777777778 0)
(2.828282828 0.8888888889 0)
(2.929292929 0.1111111111 0)
(2.929292929 0.2222222222 0)
(2.929292929 0.3333333333 0)
(2.929292929 0.4444444444 0)
(2.929292929 0.5555555556 0)
(2.929292929 0.6666666667 0)
(2.929292929 0.7777777778 0)
(2.929292929 0.8888888889 0)
(3.03030303 0.1111111111 0)
(3.03030303 0.2222222222 0)
(3.03030303 0.3333333333 0)
(3.03030303 0.4444444444 0)
(3.03030303 0.5555555556 0)
(3.03030303 0.6666666667 0)
(3.03030303 0.7777777778 0)
(3.03030303 0.8888888889 0)
(3.131313131 0.1111111111 0)
(3.131313131 0.2222222222 0)
(3.131313131 0.3333333333 0)
(3.131313131 0.4444444444 0)
(3.131313131 0.5555555556 0)
(3.131313131 0.6666666667 0)
(3.131313131 0.7777777778 0)
(3.131313131 0.8888888889 0)
(3.232323232 0.1111111111 0)
(3.232323232 0.2222222222 0)
(3.232323232 0.3333333333 0)
(3.232323232 0.4444444444 0)
(3.232323232 0.5555555556 0)
(3.232323232 0.6666666667 0)
(3.232323232 0.7777777778 0)
(3.232323232 0.8888888889 0)
(3.333333333 0.1111111111 0)
(3.333333333 0.2222222222 0)
(3.333333333 0.3333333333 0)
(3.333333333 0.4444444444 0)
(3.333333333 0.5555555556 0)
(3.333333333 0.6666666667 0)
(3.333333333 0.7777777778 0)
(3.333333333 0.8888888889 0)
(3.434343434 0.1111111111 0)
(3.434343434 0.2222222222 0)
(3.434343434 0.3333333333 0)
(3.434343434 0.4444444444 0)
(3.434343434 0.5555555556 0)
(3.434343434 0.6666666667 0)
(3.434343434 0.7777777778 0)
(3.434343434 0.8888888889 0)
(3.535353535 0.1111111111 0)
(3.535353535 0.2222222222 0)
(3.535353535 0.3333333333 0)
(3.535353535 0.4444444444 0)
(3.535353535 0.5555555556 0)
(3.535353535 0.6666666667 0)
(3.535353535 0.7777777778 0)
(3.535353535 0.8888888889 0)
(3.636363636 0.1111111111 0)
(3.636363636 0.2222222222 0)
(3.636363636 0.3333333333 0)
(3.636363636 0.4444444444 0)
(3.636363636 0.5555555556 0)
(3.636363636 0.6666666667 0)
(3.636363636 0.7777777778 0)
(3.636363636 0.8888888889 0)
(3.737373737 0.1111111111 0)
(3.737373737 0.2222222222 0)
(3.737373737 0.3333333333 0)
(3.737373737 0.4444444444 0)
(3.737373737 0.5555555556 0)
(3.737373737 0.6666666667 0)
(3.737373737 0.7777777778 0)
(3.737373737 0.8888888889 0)
(3.838383838 0.1111111111 0)
(3.838383838 0.2222222222 0)
(3.838383838 0.3333333333 0)
(3.838383838 0.4444444444 0)
(3.838383838 0.5555555556 0)
(3.838383838 0.6666666667 0)
(3.838383838 0.7777777778 0)
(3.838383838 0.8888888889 0)
(3.939393939 0.1111111111 0)
(3.939393939 0.2222222222 0)
(3.939393939 0.3333333333 0)
(3.939393939 0.4444444444 0)
(3.939393939 0.5555555556 0)
(3.939393939 0.6666666667 0)
(3.939393939 0.7777777778 0)
(3.939393939 0.8888888889 0)
(4.04040404 0.1111111111 0)
(4.04040404 0.2222222222 0)
(4.04040404 0.3333333333 0)
(4.04040404 0.4444444444 0)
(4.04040404 0.5555555556 0)
(4.04040404 0.6666666667 0)
(4.04040404 0.7777777778 0)
(4.04040404 0.8888888889 0)
(4.141414141 0.1111111111 0)
(4.141414141 0.2222222222 0)
(4.141414141 0.3333333333 0)
(4.141414141 0.4444444444 0)
(4.141414141 0.5555555556 0)
(4.141414141 0.6666666667 0)
(4.141414141 0.7777777778 0)
(4.141414141 0.8888888889 0)
(4.242424242 0.1111111111 0)
(4.242424242 0.2222222222 0)
(4.242424242 0.3333333333 0)
(4.242424242 0.4444444444 0)
(4.242424242 0.5555555556 0)
(4.242424242 0.6666666667 0)
(4.242424242 0.7777777778 0)
(4.242424242 0.8888888889 0)
(4.343434343 0.1111111111 0)
(4.343434343 0.2222222222 0)
(4.343434343 0.3333333333 0)
(4.343434343 0.4444444444 0)
(4.343434343 0.5555555556 0)
(4.343434343 0.6666666667 0)
(4.343434343 0.7777777778 0)
(4.343434343 0.8888888889 0)
(4.444444444 0.1111111111 0)
(4.444444444 0.2222222222 0)
(4.444444444 0.3333333333 0)
(4.444444444 0.4444444444 0)
(4.444444444 0.5555555556 0)
(4.444444444 0.6666666667 0)
(4.444444444 0.7777777778 0)
(4.444444444 0.8888888889 0)
(4.545454545 0.1111111111 0)
(4.545454545 0.2222222222 0)
(4.545454545 0.3333333333 0)
(4.545454545 0.4444444444 0)
(4.545454545 0.5555555556 0)
(4.545454545 0.6666666667 0)
(4.545454545 0.7777777778 0)
(4.545454545 0.8888888889 0)
(4.646464646 0.1111111111 0)
(4.646464646 0.2222222222 0)
(4.646464646 0.3333333333 0)
(4.646464646 0.4444444444 0)
(4.646464646 0.5555555556 0)
(4.646464646 0.6666666667 0)
(4.646464646 0.7777777778 0)
(4.646464646 0.8888888889 0)
(4.747474747 0.1111111111 0)
(4.747474747 0.2222222222 0)
(4.747474747 0.3333333333 0)
(4.747474747 0.4444444444 0)
(4.747474747 0.5555555556 0)
(4.747474747 0.6666666667 0)
(4.747474747 0.7777777778 0)
(4.747474747 0.8888888889 0)
(4.848484848 0.1111111111 0)
(4.848484848 0.2222222222 0)
(4.848484848 0.3333333333 0)
(4.848484848 0.4444444444 0)
(4.848484848 0.5555555556 0)
(4.848484848 0.6666666667 0)
(4.848484848 0.7777777778 0)
(4.848484848 0.8888888889 0)
(4.949494949 0.1111111111 0)
(4.949494949 0.2222222222 0)
(4.949494949 0.3333333333 0)
(4.949494949 0.4444444444 0)
(4.949494949 0.5555555556 0)
(4.949494949 0.6666666667 0)
(4.949494949 0.7777777778 0)
(4.949494949 0.8888888889 0)
(5.05050505 0.1111111111 0)
(5.05050505 0.2222222222 0)
(5.05050505 0.3333333333 0)
(5.05050505 0.4444444444 0)
(5.05050505 0.5555555556 0)
(5.05050505 0.6666666667 0)
(5.05050505 0.7777777778 0)
(5.05050505 0.8888888889 0)
(5.151515152 0.1111111111 0)
(5.151515152 0.2222222222 0)
(5.151515152 0.3333333333 0)
(5.151515152 0.4444444444 0)
(5.151515152 0.5555555556 0)
(5.151515152 0.6666666667 0)
(5.151515152 0.7777777778 0)
(5.151515152 0.8888888889 0)
(5.252525253 0.1111111111 0)
(5.252525253 0.2222222222 0)
(5.252525253 0.3333333333 0)
(5.252525253 0.4444444444 0)
(5.252525253 0.5555555556 0)
(5.252525253 0.6666666667 0)
(5.252525253 0.7777777778 0)
(5.252525253 0.8888888889 0)
(5.353535354 0.1111111111 0)
(5.353535354 0.2222222222 0)
(5.353535354 0.3333333333 0)
(5.353535354 0.4444444444 0)
(5.353535354 0.5555555556 0)
(5.353535354 0.6666666667 0)
(5.353535354 0.7777777778 0)
(5.353535354 0.8888888889 0)
(5.454545455 0.1111111111 0)
(5.454545455 0.2222222222 0)
(5.454545455 0.3333333333 0)
(5.454545455 0.4444444444 0)
(5.454545455 0.5555555556 0)
(5.454545455 0.6666666667 0)
(5.454545455 0.7777777778 0)
(5.454545455 0.8888888889 0)
(5.555555556 0.1111111111 0)
(5.555555556 0.2222222222 0)
(5.555555556 0.3333333333 0)
(5.555555556 0.4444444444 0)
(5.555555556 0.5555555556 0)
(5.555555556 0.6666666667 0)
(5.555555556 0.7777777778 0)
(5.555555556 0.8888888889 0)
(5.656565657 0.1111111111 0)
(5.656565657 0.2222222222 0)
(5.656565657 0.3333333333 0)
(5.656565657 0.4444444444 0)
(5.656565657 0.5555555556 0)
(5.656565657 0.6666666667 0)
(5.656565657 0.7777777778 0)
(5.656565657 0.8888888889 0)
(5.757575758 0.1111111111 0)
(5.757575758 0.2222222222 0)
(5.757575758 0.3333333333 0)
(5.757575758 0.4444444444 0)
(5.757575758 0.5555555556 0)
(5.757575758 0.6666666667 0)
(5.757575758 0.7777777778 0)
(5.757575758 0.8888888889 0)
(5.858585859 0.1111111111 0)
(5.858585859 0.2222222222 0)
(5.858585859 0.3333333333 0)
(5.858585859 0.4444444444 0)
(5.858585859 0.5555555556 0)
(5.858585859 0.6666666667 0)
(5.858585859 0.7777777778 0)
(5.858585859 0.8888888889 0)
(5.95959596 0.1111111111 0)
(5.95959596 0.2222222222 0)
(5.95959596 0.3333333333 0)
(5.95959596 0.4444444444 0)
(5.95959596 0.5555555556 0)
(5.95959596 0.6666666667 0)
(5.95959596 0.7777777778 0)
(5.95959596 0.8888888889 0)
(6.060606061 0.1111111111 0)
(6.060606061 0.2222222222 0)
(6.060606061 0.3333333333 0)
(6.060606061 0.4444444444 0)
(6.060606061 0.5555555556 0)
(6.060606061 0.6666666667 0)
(6.060606061 0.7777777778 0)
(6.060606061 0.8888888889 0)
(6.161616162 0.1111111111 0)
(6.161616162 0.2222222222 0)
(6.161616162 0.3333333333 0)
(6.161616162 0.4444444444 0)
(6.161616162 0.5555555556 0)
(6.161616162 0.6666666667 0)
(6.161616162 0.7777777778 0)
(6.161616162 0.8888888889 0)
(6.262626263 0.1111111111 0)
(6.262626263 0.2222222222 0)
(6.262626263 0.3333333333 0)
(6.262626263 0.4444444444 0)
(6.262626263 0.5555555556 0)
(6.262626263 0.6666666667 0)
(6.262626263 0.7777777778 0)
(6.262626263 0.8888888889 0)
(6.363636364 0.1111111111 0)
(6.363636364 0.2222222222 0)
(6.363636364 0.3333333333 0)
(6.363636364 0.4444444444 0)
(6.363636364 0.5555555556 0)
(6.363636364 0.6666666667 0)
(6.363636364 0.7777777778 0)
(6.363636364 0.8888888889 0)
(6.464646465 0.1111111111 0)
(6.464646465 0.2222222222 0)
(6.464646465 0.3333333333 0)
(6.464646465 0.4444444444 0)
(6.464646465 0.5555555556 0)
(6.464646465 0.6666666667 0)
(6.464646465 0.7777777778 0)
(6.464646465 0.8888888889 0)
(6.565656566 0.1111111111 0)
(6.565656566 0.2222222222 0)
(6.565656566 0.3333333333 0)
(6.565656566 0.4444444444 0)
(6.565656566 0.5555555556 0)
(6.565656566 0.6666666667 0)
(6.565656566 0.7777777778 0)
(6.565656566 0.8888888889 0)
(6.666666667 0.1111111111 0)
(6.666666667 0.2222222222 0)
(6.666666667 0.3333333333 0)
(6.666666667 0.4444444444 0)
(6.666666667 0.5555555556 0)
(6.666666667 0.6666666667 0)
(6.666666667 0.7777777778 0)
(6.666666667 0.8888888889 0)
(6.767676768 0.1111111111 0)
(6.767676768 0.2222222222 0)
(6.767676768 0.3333333333 0)
(6.767676768 0.4444444444 0)
(6.767676768 0.5555555556 0)
(6.767676768 0.6666666667 0)
(6.767676768 0.7777777778 0)
(6.767676768 0.8888888889 0)
(6.868686869 0.1111111111 0)
(6.868686869 0.2222222222 0)
(6.868686869 0.3333333333 0)
(6.868686869 0.4444444444 0)
(6.868686869 0.5555555556 0)
(6.868686869 0.6666666667 0)
(6.868686869 0.7777777778 0)
(6.868686869 0.8888888889 0)
(6.96969697 0.1111111111 0)
(6.96969697 0.2222222222 0)
(6.96969697 0.3333333333 0)
(6.96969697 0.4444444444 0)
(6.96969697 0.5555555556 0)
(6.96969697 0.6666666667 0)
(6.96969697 0.7777777778 0)
(6.96969697 0.8888888889 0)
(7.070707071 0.1111111111 0)
(7.070707071 0.2222222222 0)
(7.070707071 0.3333333333 0)
(7.070707071 0.4444444444 0)
(7.070707071 0.5555555556 0)
(7.070707071 0.6666666667 0)
(7.070707071 0.7777777778 0)
(7.070707071 0.8888888889 0)
(7.171717172 0.1111111111 0)
(7.171717172 0.2222222222 0)
(7.171717172 0.3333333333 0)
(7.171717172 0.4444444444 0)
(7.171717172 0.5555555556 0)
(7.171717172 0.6666666667 0)
(7.171717172 0.7777777778 0)
(7.171717172 0.8888888889 0)
(7.272727273 0.1111111111 0)
(7.272727273 0.2222222222 0)
(7.272727273 0.3333333333 0)
(7.272727273 0.4444444444 0)
(7.272727273 0.5555555556 0)
(7.272727273 0.6666666667 0)
(7.272727273 0.7777777778 0)
(7.272727273 0.8888888889 0)
(7.373737374 0.1111111111 0)
(7.373737374 0.2222222222 0)
(7.373737374 0.3333333333 0)
(7.373737374 0.4444444444 0)
(7.373737374 0.5555555556 0)
(7.373737374 0.6666666667 0)
(7.373737374 0.7777777778 0)
(7.373737374 0.8888888889 0)
(7.474747475 0.1111111111 0)
(7.474747475 0.2222222222 0)
(7.474747475 0.3333333333 0)
(7.474747475 0.4444444444 0)
(7.474747475 0.5555555556 0)
(7.474747475 0.6666666667 0)
(7.474747475 0.7777777778 0)
(7.474747475 0.8888888889 0)
(7.575757576 0.1111111111 0)
(7.575757576 0.2222222222 0)
(7.575757576 0.3333333333 0)
(7.575757576 0.4444444444 0)
(7.575757576 0.5555555556 0)
(7.575757576 0.6666666667 0)
(7.575757576 0.7777777778 0)
(7.575757576 0.8888888889 0)
(7.676767677 0.1111111111 0)
(7.676767677 0.2222222222 0)
(7.676767677 0.3333333333 0)
(7.676767677 0.4444444444 0)
(7.676767677 0.5555555556 0)
(7.676767677 0.6666666667 0)
(7.676767677 0.7777777778 0)
(7.676767677 0.8888888889 0)
(7.777777778 0.1111111111 0)
(7.777777778 0.2222222222 0)
(7.777777778 0.3333333333 0)
(7.777777778 0.4444444444 0)
(7.777777778 0.5555555556 0)
(7.777777778 0.6666666667 0)
(7.777777778 0.7777777778 0)
(7.777777778 0.8888888889 0)
(7.878787879 0.1111111111 0)
(7.878787879 0.2222222222 0)
(7.878787879 0.3333333333 0)
(7.878787879 0.4444444444 0)
(7.878787879 0.5555555556 0)
(7.878787879 0.6666666667 0)
(7.878787879 0.7777777778 0)
(7.878787879 0.8888888889 0)
(7.97979798 0.1111111111 0)
(7.97979798 0.2222222222 0)
(7.97979798 0.3333333333 0)
(7.97979798 0.4444444444 0)
(7.97979798 0.5555555556 0)
(7.97979798 0.6666666667 0)
(7.97979798 0.7777777778 0)
(7.97979798 0.8888888889 0)
(8.080808081 0.1111111111 0)
(8.080808081 0.2222222222 0)
(8.080808081 0.3333333333 0)
(8.080808081 0.4444444444 0)
(8.080808081 0.5555555556 0)
(8.080808081 0.6666666667 0)
(8.080808081 0.7777777778 0)
(8.080808081 0.8888888889 0)
(8.181818182 0.1111111111 0)
(8.181818182 0.2222222222 0)
(8.181818182 0.3333333333 0)
(8.181818182 0.4444444444 0)
(8.181818182 0.5555555556 0)
(8.181818182 0.6666666667 0)
(8.181818182 0.7777777778 0)
(8.181818182 0.8888888889 0)
(8.282828283 0.1111111111 0)
(8.282828283 0.2222222222 0)
(8.282828283 0.3333333333 0)
(8.282828283 0.4444444444 0)
(8.282828283 0.5555555556 0)
(8.282828283 0.6666666667 0)
(8.282828283 0.7777777778 0)
(8.282828283 0.8888888889 0)
(8.383838384 0.1111111111 0)
(8.383838384 0.2222222222 0)
(8.383838384 0.3333333333 0)
(8.383838384 0.4444444444 0)
(8.383838384 0.5555555556 0)
(8.383838384 0.6666666667 0)
(8.383838384 0.7777777778 0)
(8.383838384 0.8888888889 0)
(8.484848485 0.1111111111 0)
(8.484848485 0.2222222222 0)
(8.484848485 0.3333333333 0)
(8.484848485 0.4444444444 0)
(8.484848485 0.5555555556 0)
(8.484848485 0.6666666667 0)
(8.484848485 0.7777777778 0)
(8.484848485 0.8888888889 0)
(8.585858586 0.1111111111 0)
(8.585858586 0.2222222222 0)
(8.585858586 0.3333333333 0)
(8.585858586 0.4444444444 0)
(8.585858586 0.5555555556 0)
(8.585858586 0.6666666667 0)
(8.585858586 0.7777777778 0)
(8.585858586 0.8888888889 0)
(8.686868687 0.1111111111 0)
(8.686868687 0.2222222222 0)
(8.686868687 0.3333333333 0)
(8.686868687 0.4444444444 0)
(8.686868687 0.5555555556 0)
(8.686868687 0.6666666667 0)
(8.686868687 0.7777777778 0)
(8.686868687 0.8888888889 0)
(8.787878788 0.1111111111 0)
(8.787878788 0.2222222222 0)
(8.787878788 0.3333333333 0)
(8.787878788 0.4444444444 0)
(8.787878788 0.5555555556 0)
(8.787878788 0.6666666667 0)
(8.787878788 0.7777777778 0)
(8.787878788 0.8888888889 0)
(8.888888889 0.1111111111 0)
(8.888888889 0.2222222222 0)
(8.888888889 0.3333333333 0)
(8.888888889 0.4444444444 0)
(8.888888889 0.5555555556 0)
(8.888888889 0.6666666667 0)
(8.888888889 0.7777777778 0)
(8.888888889 0.8888888889 0)
(8.98989899 0.1111111111 0)
(8.98989899 0.2222222222 0)
(8.98989899 0.3333333333 0)
(8.98989899 0.4444444444 0)
(8.98989899 0.5555555556 0)
(8.98989899 0.6666666667 0)
(8.98989899 0.7777777778 0)
(8.98989899 0.8888888889 0)
(9.090909091 0.1111111111 0)
(9.090909091 0.2222222222 0)
(9.090909091 0.3333333333 0)
(9.090909091 0.4444444444 0)
(9.090909091 0.5555555556 0)
(9.090909091 0.6666666667 0)
(9.090909091 0.7777777778 0)
(9.090909091 0.8888888889 0)
(9.191919192 0.1111111111 0)
(9.191919192 0.2222222222 0)
(9.191919192 0.3333333333 0)
(9.191919192 0.4444444444 0)
(9.191919192 0.5555555556 0)
(9.191919192 0.6666666667 0)
(9.191919192 0.7777777778 0)
(9.191919192 0.8888888889 0)
(9.292929293 0.1111111111 0)
(9.292929293 0.2222222222 0)
(9.292929293 0.3333333333 0)
(9.292929293 0.4444444444 0)
(9.292929293 0.5555555556 0)
(9.292929293 0.6666666667 0)
(9.292929293 0.7777777778 0)
(9.292929293 0.8888888889 0)
(9.393939394 0.1111111111 0)
(9.393939394 0.2222222222 0)
(9.393939394 0.3333333333 0)
(9.393939394 0.4444444444 0)
(9.393939394 0.5555555556 0)
(9.393939394 0.6666666667 0)
(9.393939394 0.7777777778 0)
(9.393939394 0.8888888889 0)
(9.494949495 0.1111111111 0)
(9.494949495 0.2222222222 0)
(9.494949495 0.3333333333 0)
(9.494949495 0.4444444444 0)
(9.494949495 0.5555555556 0)
(9.494949495 0.6666666667 0)
(9.494949495 0.7777777778 0)
(9.494949495 0.8888888889 0)
(9.595959596 0.1111111111 0)
(9.595959596 0.2222222222 0)
(9.595959596 0.3333333333 0)
(9.595959596 0.4444444444 0)
(9.595959596 0.5555555556 0)
(9.595959596 0.6666666667 0)
(9.595959596 0.7777777778 0)
(9.595959596 0.8888888889 0)
(9.696969697 0.1111111111 0)
(9.696969697 0.2222222222 0)
(9.696969697 0.3333333333 0)
(9.696969697 0.4444444444 0)
(9.696969697 0.5555555556 0)
(9.696969697 0.6666666667 0)
(9.696969697 0.7777777778 0)
(9.696969697 0.8888888889 0)
(9.797979798 0.1111111111 0)
(9.797979798 0.2222222222 0)
(9.797979798 0.3333333333 0)
(9.797979798 0.4444444444 0)
(9.797979798 0.5555555556 0)
(9.797979798 0.6666666667 0)
(9.797979798 0.7777777778 0)
(9.797979798 0.8888888889 0)
(9.898989899 0.1111111111 0)
(9.898989899 0.2222222222 0)
(9.898989899 0.3333333333 0)
(9.898989899 0.4444444444 0)
(9.898989899 0.5555555556 0)
(9.898989899 0.6666666667 0)
(9.898989899 0.7777777778 0)
(9.898989899 0.8888888889 0)
(0.101010101 0.1111111111 1)
(0.101010101 0.2222222222 1)
(0.101010101 0.3333333333 1)
(0.101010101 0.4444444444 1)
(0.101010101 0.5555555556 1)
(0.101010101 0.6666666667 1)
(0.101010101 0.7777777778 1)
(0.101010101 0.8888888889 1)
(0.202020202 0.1111111111 1)
(0.202020202 0.2222222222 1)
(0.202020202 0.3333333333 1)
(0.202020202 0.4444444444 1)
(0.202020202 0.5555555556 1)
(0.202020202 0.6666666667 1)
(0.202020202 0.7777777778 1)
(0.202020202 0.8888888889 1)
(0.303030303 0.1111111111 1)
(0.303030303 0.2222222222 1)
(0.303030303 0.3333333333 1)
(0.303030303 0.4444444444 1)
(0.303030303 0.5555555556 1)
(0.303030303 0.6666666667 1)
(0.303030303 0.7777777778 1)
(0.303030303 0.8888888889 1)
(0.404040404 0.1111111111 1)
(0.404040404 0.2222222222 1)
(0.404040404 0.3333333333 1)
(0.404040404 0.4444444444 1)
(0.404040404 0.5555555556 1)
(0.404040404 0.6666666667 1)
(0.404040404 0.7777777778 1)
(0.404040404 0.8888888889 1)
(0.5050505051 0.1111111111 1)
(0.5050505051 0.2222222222 1)
(0.5050505051 0.3333333333 1)
(0.5050505051 0.4444444444 1)
(0.5050505051 0.5555555556 1)
(0.5050505051 0.6666666667 1)
(0.5050505051 0.7777777778 1)
(0.5050505051 0.8888888889 1)
(0.6060606061 0.1111111111 1)
(0.6060606061 0.2222222222 1)
(0.6060606061 0.3333333333 1)
(0.6060606061 0.4444444444 1)
(0.6060606061 0.5555555556 1)
(0.6060606061 0.6666666667 1)
(0.6060606061 0.7777777778 1)
(0.6060606061 0.8888888889 1)
(0.7070707071 0.1111111111 1)
(0.7070707071 0.2222222222 1)
(0.7070707071 0.3333333333 1)
(0.7070707071 0.4444444444 1)
(0.7070707071 0.5555555556 1)
(0.7070707071 0.6666666667 1)
(0.7070707071 0.7777777778 1)
(0.7070707071 0.8888888889 1)
(0.8080808081 0.1111111111 1)
(0.8080808081 0.2222222222 1)
(0.8080808081 0.3333333333 1)
(0.8080808081 0.4444444444 1)
(0.8080808081 0.5555555556 1)
(0.8080808081 0.6666666667 1)
(0.8080808081 0.7777777778 1)
(0.8080808081 0.8888888889 1)
(0.9090909091 0.1111111111 1)
(0.9090909091 0.2222222222 1)
(0.9090909091 0.3333333333 1)
(0.9090909091 0.4444444444 1)
(0.9090909091 0.5555555556 1)
(0.9090909091 0.6666666667 1)
(0.9090909091 0.7777777778 1)
(0.9090909091 0.8888888889 1)
(1.01010101 0.1111111111 1)
(1.01010101 0.2222222222 1)
(1.01010101 0.3333333333 1)
(1.01010101 0.4444444444 1)
(1.01010101 0.5555555556 1)
(1.01010101 0.6666666667 1)
(1.01010101 0.7777777778 1)
(1.01010101 0.8888888889 1)
(1.111111111 0.1111111111 1)
(1.111111111 0.2222222222 1)
(1.111111111 0.3333333333 1)
(1.111111111 0.4444444444 1)
(1.111111111 0.5555555556 1)
(1.111111111 0.6666666667 1)
(1.111111111 0.7777777778 1)
(1.111111111 0.8888888889 1)
(1.212121212 0.1111111111 1)
(1.212121212 0.2222222222 1)
(1.212121212 0.3333333333 1)
(1.212121212 0.4444444444 1)
(1.212121212 0.5555555556 1)
(1.212121212 0.6666666667 1)
(1.212121212 0.7777777778 1)
(1.212121212 0.8888888889 1)
(1.313131313 0.1111111111 1)
(1.313131313 0.2222222222 1)
(1.313131313 0.3333333333 1)
(1.313131313 0.4444444444 1)
(1.313131313 0.5555555556 1)
(1.313131313 0.6666666667 1)
(1.313131313 0.7777777778 1)
(1.313131313 0.8888888889 1)
(1.414141414 0.1111111111 1)
(1.414141414 0.2222222222 1)
(1.414141414 0.3333333333 1)
(1.414141414 0.4444444444 1)
(1.414141414 0.5555555556 1)
(1.414141414 0.6666666667 1)
(1.414141414 0.7777777778 1)
(1.414141414 0.8888888889 1)
(1.515151515 0.1111111111 1)
(1.515151515 0.2222222222 1)
(1.515151515 0.3333333333 1)
(1.515151515 0.4444444444 1)
(1.515151515 0.5555555556 1)
(1.515151515 0.6666666667 1)
(1.515151515 0.7777777778 1)
(1.515151515 0.8888888889 1)
(1.616161616 0.1111111111 1)
(1.616161616 0.2222222222 1)
(1.616161616 0.3333333333 1)
(1.616161616 0.4444444444 1)
(1.616161616 0.5555555556 1)
(1.616161616 0.6666666667 1)
(1.616161616 0.7777777778 1)
(1.616161616 0.8888888889 1)
(1.717171717 0.1111111111 1)
(1.717171717 0.2222222222 1)
(1.717171717 0.3333333333 1)
(1.717171717 0.4444444444 1)
(1.717171717 0.5555555556 1)
(1.717171717 0.6666666667 1)
(1.717171717 0.7777777778 1)
(1.717171717 0.8888888889 1)
(1.818181818 0.1111111111 1)
(1.818181818 0.2222222222 1)
(1.818181818 0.3333333333 1)
(1.818181818 0.4444444444 1)
(1.818181818 0.5555555556 1)
(1.818181818 0.6666666667 1)
(1.818181818 0.7777777778 1)
(1.818181818 0.8888888889 1)
(1.919191919 0.1111111111 1)
(1.919191919 0.2222222222 1)
(1.919191919 0.3333333333 1)
(1.919191919 0.4444444444 1)
(1.919191919 0.5555555556 1)
(1.919191919 0.6666666667 1)
(1.919191919 0.7777777778 1)
(1.919191919 0.8888888889 1)
(2.02020202 0.1111111111 1)
(2.02020202 0.2222222222 1)
(2.02020202 0.3333333333 1)
(2.02020202 0.4444444444 1)
(2.02020202 0.5555555556 1)
(2.02020202 0.6666666667 1)
(2.02020202 0.7777777778 1)
(2.02020202 0.8888888889 1)
(2.121212121 0.1111111111 1)
(2.121212121 0.2222222222 1)
(2.121212121 0.3333333333 1)
(2.121212121 0.4444444444 1)
(2.121212121 0.5555555556 1)
(2.121212121 0.6666666667 1)
(2.121212121 0.7777777778 1)
(2.121212121 0.8888888889 1)
(2.222222222 0.1111111111 1)
(2.222222222 0.2222222222 1)
(2.222222222 0.3333333333 1)
(2.222222222 0.4444444444 1)
(2.222222222 0.5555555556 1)
(2.222222222 0.6666666667 1)
(2.222222222 0.7777777778 1)
(2.222222222 0.8888888889 1)
(2.323232323 0.1111111111 1)
(2.323232323 0.2222222222 1)
(2.323232323 0.3333333333 1)
(2.323232323 0.4444444444 1)
(2.323232323 0.5555555556 1)
(2.323232323 0.6666666667 1)
(2.323232323 0.7777777778 1)
(2.323232323 0.8888888889 1)
(2.424242424 0.1111111111 1)
(2.424242424 0.2222222222 1)
(2.424242424 0.3333333333 1)
(2.424242424 0.4444444444 1)
(2.424242424 0.5555555556 1)
(2.424242424 0.6666666667 1)
(2.424242424 0.7777777778 1)
(2.424242424 0.8888888889 1)
(2.525252525 0.1111111111 1)
(2.525252525 0.2222222222 1)
(2.525252525 0.3333333333 1)
(2.525252525 0.4444444444 1)
(2.525252525 0.5555555556 1)
(2.525252525 0.6666666667 1)
(2.525252525 0.7777777778 1)
(2.525252525 0.8888888889 1)
(2.626262626 0.1111111111 1)
(2.626262626 0.2222222222 1)
(2.626262626 0.3333333333 1)
(2.626262626 0.4444444444 1)
(2.626262626 0.5555555556 1)
(2.626262626 0.6666666667 1)
(2.626262626 0.7777777778 1)
(2.626262626 0.8888888889 1)
(2.727272727 0.1111111111 1)
(2.727272727 0.2222222222 1)
(2.727272727 0.3333333333 1)
(2.727272727 0.4444444444 1)
(2.727272727 0.5555555556 1)
(2.727272727 0.6666666667 1)
(2.727272727 0.7777777778 1)
(2.727272727 0.8888888889 1)
(2.828282828 0.1111111111 1)
(2.828282828 0.2222222222 1)
(2.828282828 0.3333333333 1)
(2.828282828 0.4444444444 1)
(2.828282828 0.5555555556 1)
(2.828282828 0.6666666667 1)
(2.828282828 0.7777777778 1)
(2.828282828 0.8888888889 1)
(2.929292929 0.1111111111 1)
(2.929292929 0.2222222222 1)
(2.929292929 0.3333333333 1)
(2.929292929 0.4444444444 1)
(2.929292929 0.5555555556 1)
(2.929292929 0.6666666667 1)
(2.929292929 0.7777777778 1)
(2.929292929 0.8888888889 1)
(3.03030303 0.1111111111 1)
(3.03030303 0.2222222222 1)
(3.03030303 0.3333333333 1)
(3.03030303 0.4444444444 1)
(3.03030303 0.5555555556 1)
(3.03030303 0.6666666667 1)
(3.03030303 0.7777777778 1)
(3.03030303 0.8888888889 1)
(3.131313131 0.1111111111 1)
(3.131313131 0.2222222222 1)
(3.131313131 0.3333333333 1)
(3.131313131 0.4444444444 1)
(3.131313131 0.5555555556 1)
(3.131313131 0.6666666667 1)
(3.131313131 0.7777777778 1)
(3.131313131 0.8888888889 1)
(3.232323232 0.1111111111 1)
(3.232323232 0.2222222222 1)
(3.232323232 0.3333333333 1)
(3.232323232 0.4444444444 1)
(3.232323232 0.5555555556 1)
(3.232323232 0.6666666667 1)
(3.232323232 0.7777777778 1)
(3.232323232 0.8888888889 1)
(3.333333333 0.1111111111 1)
(3.333333333 0.2222222222 1)
(3.333333333 0.3333333333 1)
(3.333333333 0.4444444444 1)
(3.333333333 0.5555555556 1)
(3.333333333 0.6666666667 1)
(3.333333333 0.7777777778 1)
(3.333333333 0.8888888889 1)
(3.434343434 0.1111111111 1)
(3.434343434 0.2222222222 1)
(3.434343434 0.3333333333 1)
(3.434343434 0.4444444444 1)
(3.434343434 0.5555555556 1)
(3.434343434 0.6666666667 1)
(3.434343434 0.7777777778 1)
(3.434343434 0.8888888889 1)
(3.535353535 0.1111111111 1)
(3.535353535 0.2222222222 1)
(3.535353535 0.3333333333 1)
(3.535353535 0.4444444444 1)
(3.535353535 0.5555555556 1)
(3.535353535 0.6666666667 1)
(3.535353535 0.7777777778 1)
(3.535353535 0.8888888889 1)
(3.636363636 0.1111111111 1)
(3.636363636 0.2222222222 1)
(3.636363636 0.3333333333 1)
(3.636363636 0.4444444444 1)
(3.636363636 0.5555555556 1)
(3.636363636 0.6666666667 1)
(3.636363636 0.7777777778 1)
(3.636363636 0.8888888889 1)
(3.737373737 0.1111111111 1)
(3.737373737 0.2222222222 1)
(3.737373737 0.3333333333 1)
(3.737373737 0.4444444444 1)
(3.737373737 0.5555555556 1)
(3.737373737 0.6666666667 1)
(3.737373737 0.7777777778 1)
(3.737373737 0.8888888889 1)
(3.838383838 0.1111111111 1)
(3.838383838 0.2222222222 1)
(3.838383838 0.3333333333 1)
(3.838383838 0.4444444444 1)
(3.838383838 0.5555555556 1)
(3.838383838 0.6666666667 1)
(3.838383838 0.7777777778 1)
(3.838383838 0.8888888889 1)
(3.939393939 0.1111111111 1)
(3.939393939 0.2222222222 1)
(3.939393939 0.3333333333 1)
(3.939393939 0.4444444444 1)
(3.939393939 0.5555555556 1)
(3.939393939 0.6666666667 1)
(3.939393939 0.7777777778 1)
(3.939393939 0.8888888889 1)
(4.04040404 0.1111111111 1)
(4.04040404 0.2222222222 1)
(4.04040404 0.3333333333 1)
(4.04040404 0.4444444444 1)
(4.04040404 0.5555555556 1)
(4.04040404 0.6666666667 1)
(4.04040404 0.7777777778 1)
(4.04040404 0.8888888889 1)
(4.141414141 0.1111111111 1)
(4.141414141 0.2222222222 1)
(4.141414141 0.3333333333 1)
(4.141414141 0.4444444444 1)
(4.141414141 0.5555555556 1)
(4.141414141 0.6666666667 1)
(4.141414141 0.7777777778 1)
(4.141414141 0.8888888889 1)
(4.242424242 0.1111111111 1)
(4.242424242 0.2222222222 1)
(4.242424242 0.3333333333 1)
(4.242424242 0.4444444444 1)
(4.242424242 0.5555555556 1)
(4.242424242 0.6666666667 1)
(4.242424242 0.7777777778 1)
(4.242424242 0.8888888889 1)
(4.343434343 0.1111111111 1)
(4.343434343 0.2222222222 1)
(4.343434343 0.3333333333 1)
(4.343434343 0.4444444444 1)
(4.343434343 0.5555555556 1)
(4.343434343 0.6666666667 1)
(4.343434343 0.7777777778 1)
(4.343434343 0.8888888889 1)
(4.444444444 0.1111111111 1)
(4.444444444 0.2222222222 1)
(4.444444444 0.3333333333 1)
(4.444444444 0.4444444444 1)
(4.444444444 0.5555555556 1)
(4.444444444 0.6666666667 1)
(4.444444444 0.7777777778 1)
(4.444444444 0.8888888889 1)
(4.545454545 0.1111111111 1)
(4.545454545 0.2222222222 1)
(4.545454545 0.3333333333 1)
(4.545454545 0.4444444444 1)
(4.545454545 0.5555555556 1)
(4.545454545 0.6666666667 1)
(4.545454545 0.7777777778 1)
(4.545454545 0.8888888889 1)
(4.646464646 0.1111111111 1)
(4.646464646 0.2222222222 1)
(4.646464646 0.3333333333 1)
(4.646464646 0.4444444444 1)
(4.646464646 0.5555555556 1)
(4.646464646 0.6666666667 1)
(4.646464646 0.7777777778 1)
(4.646464646 0.8888888889 1)
(4.747474747 0.1111111111 1)
(4.747474747 0.2222222222 1)
(4.747474747 0.3333333333 1)
(4.747474747 0.4444444444 1)
(4.747474747 0.5555555556 1)
(4.747474747 0.6666666667 1)
(4.747474747 0.7777777778 1)
(4.747474747 0.8888888889 1)
(4.848484848 0.1111111111 1)
(4.848484848 0.2222222222 1)
(4.848484848 0.3333333333 1)
(4.848484848 0.4444444444 1)
(4.848484848 0.5555555556 1)
(4.848484848 0.6666666667 1)
(4.848484848 0.7777777778 1)
(4.848484848 0.8888888889 1)
(4.949494949 0.1111111111 1)
(4.949494949 0.2222222222 1)
(4.949494949 0.3333333333 1)
(4.949494949 0.4444444444 1)
(4.949494949 0.5555555556 1)
(4.949494949 0.6666666667 1)
(4.949494949 0.7777777778 1)
(4.949494949 0.8888888889 1)
(5.05050505 0.1111111111 1)
(5.05050505 0.2222222222 1)
(5.05050505 0.3333333333 1)
(5.05050505 0.4444444444 1)
(5.05050505 0.5555555556 1)
(5.05050505 0.6666666667 1)
(5.05050505 0.7777777778 1)
(5.05050505 0.8888888889 1)
(5.151515152 0.1111111111 1)
(5.151515152 0.2222222222 1)
(5.151515152 0.3333333333 1)
(5.151515152 0.4444444444 1)
(5.151515152 0.5555555556 1)
(5.151515152 0.6666666667 1)
(5.151515152 0.7777777778 1)
(5.151515152 0.8888888889 1)
(5.252525253 0.1111111111 1)
(5.252525253 0.2222222222 1)
(5.252525253 0.3333333333 1)
(5.252525253 0.4444444444 1)
(5.252525253 0.5555555556 1)
(5.252525253 0.6666666667 1)
(5.252525253 0.7777777778 1)
(5.252525253 0.8888888889 1)
(5.353535354 0.1111111111 1)
(5.353535354 0.2222222222 1)
(5.353535354 0.3333333333 1)
(5.353535354 0.4444444444 1)
(5.353535354 0.5555555556 1)
(5.353535354 0.6666666667 1)
(5.353535354 0.7777777778 1)
(5.353535354 0.8888888889 1)
(5.454545455 0.1111111111 1)
(5.454545455 0.2222222222 1)
(5.454545455 0.3333333333 1)
(5.454545455 0.4444444444 1)
(5.454545455 0.5555555556 1)
(5.454545455 0.6666666667 1)
(5.454545455 0.7777777778 1)
(5.454545455 0.8888888889 1)
(5.555555556 0.1111111111 1)
(5.555555556 0.2222222222 1)
(5.555555556 0.3333333333 1)
(5.555555556 0.4444444444 1)
(5.555555556 0.5555555556 1)
(5.555555556 0.6666666667 1)
(5.555555556 0.7777777778 1)
(5.555555556 0.8888888889 1)
(5.656565657 0.1111111111 1)
(5.656565657 0.2222222222 1)
(5.656565657 0.3333333333 1)
(5.656565657 0.4444444444 1)
(5.656565657 0.5555555556 1)
(5.656565657 0.6666666667 1)
(5.656565657 0.7777777778 1)
(5.656565657 0.8888888889 1)
(5.757575758 0.1111111111 1)
(5.757575758 0.2222222222 1)
(5.757575758 0.3333333333 1)
(5.757575758 0.4444444444 1)
(5.757575758 0.5555555556 1)
(5.757575758 0.6666666667 1)
(5.757575758 0.7777777778 1)
(5.757575758 0.8888888889 1)
(5.858585859 0.1111111111 1)
(5.858585859 0.2222222222 1)
(5.858585859 0.3333333333 1)
(5.858585859 0.4444444444 1)
(5.858585859 0.5555555556 1)
(5.858585859 0.6666666667 1)
(5.858585859 0.7777777778 1)
(5.858585859 0.8888888889 1)
(5.95959596 0.1111111111 1)
(5.95959596 0.2222222222 1)
(5.95959596 0.3333333333 1)
(5.95959596 0.4444444444 1)
(5.95959596 0.5555555556 1)
(5.95959596 0.6666666667 1)
(5.95959596 0.7777777778 1)
(5.95959596 0.8888888889 1)
(6.060606061 0.1111111111 1)
(6.060606061 0.2222222222 1)
(6.060606061 0.3333333333 1)
(6.060606061 0.4444444444 1)
(6.060606061 0.5555555556 1)
(6.060606061 0.6666666667 1)
(6.060606061 0.7777777778 1)
(6.060606061 0.8888888889 1)
(6.161616162 0.1111111111 1)
(6.161616162 0.2222222222 1)
(6.161616162 0.3333333333 1)
(6.161616162 0.4444444444 1)
(6.161616162 0.5555555556 1)
(6.161616162 0.6666666667 1)
(6.161616162 0.7777777778 1)
(6.161616162 0.8888888889 1)
(6.262626263 0.1111111111 1)
(6.262626263 0.2222222222 1)
(6.262626263 0.3333333333 1)
(6.262626263 0.4444444444 1)
(6.262626263 0.5555555556 1)
(6.262626263 0.6666666667 1)
(6.262626263 0.7777777778 1)
(6.262626263 0.8888888889 1)
(6.363636364 0.1111111111 1)
(6.363636364 0.2222222222 1)
(6.363636364 0.3333333333 1)
(6.363636364 0.4444444444 1)
(6.363636364 0.5555555556 1)
(6.363636364 0.6666666667 1)
(6.363636364 0.7777777778 1)
(6.363636364 0.8888888889 1)
(6.464646465 0.1111111111 1)
(6.464646465 0.2222222222 1)
(6.464646465 0.3333333333 1)
(6.464646465 0.4444444444 1)
(6.464646465 0.5555555556 1)
(6.464646465 0.6666666667 1)
(6.464646465 0.7777777778 1)
(6.464646465 0.8888888889 1)
(6.565656566 0.1111111111 1)
(6.565656566 0.2222222222 1)
(6.565656566 0.3333333333 1)
(6.565656566 0.4444444444 1)
(6.565656566 0.5555555556 1)
(6.565656566 0.6666666667 1)
(6.565656566 0.7777777778 1)
(6.565656566 0.8888888889 1)
(6.666666667 0.1111111111 1)
(6.666666667 0.2222222222 1)
(6.666666667 0.3333333333 1)
(6.666666667 0.4444444444 1)
(6.666666667 0.5555555556 1)
(6.666666667 0.6666666667 1)
(6.666666667 0.7777777778 1)
(6.666666667 0.8888888889 1)
(6.767676768 0.1111111111 1)
(6.767676768 0.2222222222 1)
(6.767676768 0.3333333333 1)
(6.767676768 0.4444444444 1)
(6.767676768 0.5555555556 1)
(6.767676768 0.6666666667 1)
(6.767676768 0.7777777778 1)
(6.767676768 0.8888888889 1)
(6.868686869 0.1111111111 1)
(6.868686869 0.2222222222 1)
(6.868686869 0.3333333333 1)
(6.868686869 0.4444444444 1)
(6.868686869 0.5555555556 1)
(6.868686869 0.6666666667 1)
(6.868686869 0.7777777778 1)
(6.868686869 0.8888888889 1)
(6.96969697 0.1111111111 1)
(6.96969697 0.2222222222 1)
(6.96969697 0.3333333333 1)
(6.96969697 0.4444444444 1)
(6.96969697 0.5555555556 1)
(6.96969697 0.6666666667 1)
(6.96969697 0.7777777778 1)
(6.96969697 0.8888888889 1)
(7.070707071 0.1111111111 1)
(7.070707071 0.2222222222 1)
(7.070707071 0.3333333333 1)
(7.070707071 0.4444444444 1)
(7.070707071 0.5555555556 1)
(7.070707071 0.6666666667 1)
(7.070707071 0.7777777778 1)
(7.070707071 0.8888888889 1)
(7.171717172 0.1111111111 1)
(7.171717172 0.2222222222 1)
(7.171717172 0.3333333333 1)
(7.171717172 0.4444444444 1)
(7.171717172 0.5555555556 1)
(7.171717172 0.6666666667 1)
(7.171717172 0.7777777778 1)
(7.171717172 0.8888888889 1)
(7.272727273 0.1111111111 1)
(7.272727273 0.2222222222 1)
(7.272727273 0.3333333333 1)
(7.272727273 0.4444444444 1)
(7.272727273 0.5555555556 1)
(7.272727273 0.6666666667 1)
(7.272727273 0.7777777778 1)
(7.272727273 0.8888888889 1)
(7.373737374 0.1111111111 1)
(7.373737374 0.2222222222 1)
(7.373737374 0.3333333333 1)
(7.373737374 0.4444444444 1)
(7.373737374 0.5555555556 1)
(7.373737374 0.6666666667 1)
(7.373737374 0.7777777778 1)
(7.373737374 0.8888888889 1)
(7.474747475 0.1111111111 1)
(7.474747475 0.2222222222 1)
(7.474747475 0.3333333333 1)
(7.474747475 0.4444444444 1)
(7.474747475 0.5555555556 1)
(7.474747475 0.6666666667 1)
(7.474747475 0.7777777778 1)
(7.474747475 0.8888888889 1)
(7.575757576 0.1111111111 1)
(7.575757576 0.2222222222 1)
(7.575757576 0.3333333333 1)
(7.575757576 0.4444444444 1)
(7.575757576 0.5555555556 1)
(7.575757576 0.6666666667 1)
(7.575757576 0.7777777778 1)
(7.575757576 0.8888888889 1)
(7.676767677 0.1111111111 1)
(7.676767677 0.2222222222 1)
(7.676767677 0.3333333333 1)
(7.676767677 0.4444444444 1)
(7.676767677 0.5555555556 1)
(7.676767677 0.6666666667 1)
(7.676767677 0.7777777778 1)
(7.676767677 0.8888888889 1)
(7.777777778 0.1111111111 1)
(7.777777778 0.2222222222 1)
(7.777777778 0.3333333333 1)
(7.777777778 0.4444444444 1)
(7.777777778 0.5555555556 1)
(7.777777778 0.6666666667 1)
(7.777777778 0.7777777778 1)
(7.777777778 0.8888888889 1)
(7.878787879 0.1111111111 1)
(7.878787879 0.2222222222 1)
(7.878787879 0.3333333333 1)
(7.878787879 0.4444444444 1)
(7.878787879 0.5555555556 1)
(7.878787879 0.6666666667 1)
(7.878787879 0.7777777778 1)
(7.878787879 0.8888888889 1)
(7.97979798 0.1111111111 1)
(7.97979798 0.2222222222 1)
(7.97979798 0.3333333333 1)
(7.97979798 0.4444444444 1)
(7.97979798 0.5555555556 1)
(7.97979798 0.6666666667 1)
(7.97979798 0.7777777778 1)
(7.97979798 0.8888888889 1)
(8.080808081 0.1111111111 1)
(8.080808081 0.2222222222 1)
(8.080808081 0.3333333333 1)
(8.080808081 0.4444444444 1)
(8.080808081 0.5555555556 1)
(8.080808081 0.6666666667 1)
(8.080808081 0.7777777778 1)
(8.080808081 0.8888888889 1)
(8.181818182 0.1111111111 1)
(8.181818182 0.2222222222 1)
(8.181818182 0.3333333333 1)
(8.181818182 0.4444444444 1)
(8.181818182 0.5555555556 1)
(8.181818182 0.6666666667 1)
(8.181818182 0.7777777778 1)
(8.181818182 0.8888888889 1)
(8.282828283 0.1111111111 1)
(8.282828283 0.2222222222 1)
(8.282828283 0.3333333333 1)
(8.282828283 0.4444444444 1)
(8.282828283 0.5555555556 1)
(8.282828283 0.6666666667 1)
(8.282828283 0.7777777778 1)
(8.282828283 0.8888888889 1)
(8.383838384 0.1111111111 1)
(8.383838384 0.2222222222 1)
(8.383838384 0.3333333333 1)
(8.383838384 0.4444444444 1)
(8.383838384 0.5555555556 1)
(8.383838384 0.6666666667 1)
(8.383838384 0.7777777778 1)
(8.383838384 0.8888888889 1)
(8.484848485 0.1111111111 1)
(8.484848485 0.2222222222 1)
(8.484848485 0.3333333333 1)
(8.484848485 0.4444444444 1)
(8.484848485 0.5555555556 1)
(8.484848485 0.6666666667 1)
(8.484848485 0.7777777778 1)
(8.484848485 0.8888888889 1)
(8.585858586 0.1111111111 1)
(8.585858586 0.2222222222 1)
(8.585858586 0.3333333333 1)
(8.585858586 0.4444444444 1)
(8.585858586 0.5555555556 1)
(8.585858586 0.6666666667 1)
(8.585858586 0.7777777778 1)
(8.585858586 0.8888888889 1)
(8.686868687 0.1111111111 1)
(8.686868687 0.2222222222 1)
(8.686868687 0.3333333333 1)
(8.686868687 0.4444444444 1)
(8.686868687 0.5555555556 1)
(8.686868687 0.6666666667 1)
(8.686868687 0.7777777778 1)
(8.686868687 0.8888888889 1)
(8.787878788 0.1111111111 1)
(8.787878788 0.2222222222 1)
(8.787878788 0.3333333333 1)
(8.787878788 0.4444444444 1)
(8.787878788 0.5555555556 1)
(8.787878788 0.6666666667 1)
(8.787878788 0.7777777778 1)
(8.787878788 0.8888888889 1)
(8.888888889 0.1111111111 1)
(8.888888889 0.2222222222 1)
(8.888888889 0.3333333333 1)
(8.888888889 0.4444444444 1)
(8.888888889 0.5555555556 1)
(8.888888889 0.6666666667 1)
(8.888888889 0.7777777778 1)
(8.888888889 0.8888888889 1)
(8.98989899 0.1111111111 1)
(8.98989899 0.2222222222 1)
(8.98989899 0.3333333333 1)
(8.98989899 0.4444444444 1)
(8.98989899 0.5555555556 1)
(8.98989899 0.6666666667 1)
(8.98989899 0.7777777778 1)
(8.98989899 0.8888888889 1)
(9.090909091 0.1111111111 1)
(9.090909091 0.2222222222 1)
(9.090909091 0.3333333333 1)
(9.090909091 0.4444444444 1)
(9.090909091 0.5555555556 1)
(9.090909091 0.6666666667 1)
(9.090909091 0.7777777778 1)
(9.090909091 0.8888888889 1)
(9.191919192 0.1111111111 1)
(9.191919192 0.2222222222 1)
(9.191919192 0.3333333333 1)
(9.191919192 0.4444444444 1)
(9.191919192 0.5555555556 1)
(9.191919192 0.6666666667 1)
(9.191919192 0.7777777778 1)
(9.191919192 0.8888888889 1)
(9.292929293 0.1111111111 1)
(9.292929293 0.2222222222 1)
(9.292929293 0.3333333333 1)
(9.292929293 0.4444444444 1)
(9.292929293 0.5555555556 1)
(9.292929293 0.6666666667 1)
(9.292929293 0.7777777778 1)
(9.292929293 0.8888888889 1)
(9.393939394 0.1111111111 1)
(9.393939394 0.2222222222 1)
(9.393939394 0.3333333333 1)
(9.393939394 0.4444444444 1)
(9.393939394 0.5555555556 1)
(9.393939394 0.6666666667 1)
(9.393939394 0.7777777778 1)
(9.393939394 0.8888888889 1)
(9.494949495 0.1111111111 1)
(9.494949495 0.2222222222 1)
(9.494949495 0.3333333333 1)
(9.494949495 0.4444444444 1)
(9.494949495 0.5555555556 1)
(9.494949495 0.6666666667 1)
(9.494949495 0.7777777778 1)
(9.494949495 0.8888888889 1)
(9.595959596 0.1111111111 1)
(9.595959596 0.2222222222 1)
(9.595959596 0.3333333333 1)
(9.595959596 0.4444444444 1)
(9.595959596 0.5555555556 1)
(9.595959596 0.6666666667 1)
(9.595959596 0.7777777778 1)
(9.595959596 0.8888888889 1)
(9.696969697 0.1111111111 1)
(9.696969697 0.2222222222 1)
(9.696969697 0.3333333333 1)
(9.696969697 0.4444444444 1)
(9.696969697 0.5555555556 1)
(9.696969697 0.6666666667 1)
(9.696969697 0.7777777778 1)
(9.696969697 0.8888888889 1)
(9.797979798 0.1111111111 1)
(9.797979798 0.2222222222 1)
(9.797979798 0.3333333333 1)
(9.797979798 0.4444444444 1)
(9.797979798 0.5555555556 1)
(9.797979798 0.6666666667 1)
(9.797979798 0.7777777778 1)
(9.797979798 0.8888888889 1)
(9.898989899 0.1111111111 1)
(9.898989899 0.2222222222 1)
(9.898989899 0.3333333333 1)
(9.898989899 0.4444444444 1)
(9.898989899 0.5555555556 1)
(9.898989899 0.6666666667 1)
(9.898989899 0.7777777778 1)
(9.898989899 0.8888888889 1)
)


// ************************************************************************* //
