/*--------------------------------*- C++ -*----------------------------------*\
| =========                 |                                                 |
| \\      /  F ield         | OpenFOAM: The Open Source CFD Toolbox           |
|  \\    /   O peration     | Version:  2406                                  |
|   \\  /    A nd           | Website:  www.openfoam.com                      |
|    \\/     M anipulation  |                                                 |
\*---------------------------------------------------------------------------*/
FoamFile
{
    version     2.0;
    format      ascii;
    arch        "LSB;label=32;scalar=64";
    note        "nPoints:808  nCells:300  nFaces:1303  nInternalFaces:497";
    class       labelList;
    location    "constant/polyMesh";
    object      owner;
}
// * * * * * * * * * * * * * * * * * * * * * * * * * * * * * * * * * * * * * //


1303
(
0
0
1
1
2
2
3
3
4
4
5
5
6
6
7
7
8
8
9
9
10
10
11
11
12
12
13
13
14
14
15
15
16
16
17
17
18
18
19
19
20
20
21
21
22
22
23
23
24
24
25
25
26
26
27
27
28
28
29
29
30
30
31
31
32
32
33
33
34
34
35
35
36
36
37
37
38
38
39
39
40
40
41
41
42
42
43
43
44
44
45
45
46
46
47
47
48
48
49
49
50
50
51
51
52
52
53
53
54
54
55
55
56
56
57
57
58
58
59
59
60
60
61
61
62
62
63
63
64
64
65
65
66
66
67
67
68
68
69
69
70
70
71
71
72
72
73
73
74
74
75
75
76
76
77
77
78
78
79
79
80
80
81
81
82
82
83
83
84
84
85
85
86
86
87
87
88
88
89
89
90
90
91
91
92
92
93
93
94
94
95
95
96
96
97
97
98
98
99
100
100
101
101
102
102
103
103
104
104
105
105
106
106
107
107
108
108
109
109
110
110
111
111
112
112
113
113
114
114
115
115
116
116
117
117
118
118
119
119
120
120
121
121
122
122
123
123
124
124
125
125
126
126
127
127
128
128
129
129
130
130
131
131
132
132
133
133
134
134
135
135
136
136
137
137
138
138
139
139
140
140
141
141
142
142
143
143
144
144
145
145
146
146
147
147
148
148
149
149
150
150
151
151
152
152
153
153
154
154
155
155
156
156
157
157
158
158
159
159
160
160
161
161
162
162
163
163
164
164
165
165
166
166
167
167
168
168
169
169
170
170
171
171
172
172
173
173
174
174
175
175
176
176
177
177
178
178
179
179
180
180
181
181
182
182
183
183
184
184
185
185
186
186
187
187
188
188
189
189
190
190
191
191
192
192
193
193
194
194
195
195
196
196
197
197
198
198
199
200
201
202
203
204
205
206
207
208
209
210
211
212
213
214
215
216
217
218
219
220
221
222
223
224
225
226
227
228
229
230
231
232
233
234
235
236
237
238
239
240
241
242
243
244
245
246
247
248
249
250
251
252
253
254
255
256
257
258
259
260
261
262
263
264
265
266
267
268
269
270
271
272
273
274
275
276
277
278
279
280
281
282
283
284
285
286
287
288
289
290
291
292
293
294
295
296
297
298
0
100
200
99
199
299
0
1
2
3
4
5
6
7
8
9
10
11
12
13
14
15
16
17
18
19
20
21
22
23
24
25
26
27
28
29
30
31
32
33
34
35
36
37
38
39
40
41
42
43
44
45
46
47
48
49
50
51
52
53
54
55
56
57
58
59
60
61
62
63
64
65
66
67
68
69
70
71
72
73
74
75
76
77
78
79
80
81
82
83
84
85
86
87
88
89
90
91
92
93
94
95
96
97
98
99
200
201
202
203
204
205
206
207
208
209
210
211
212
213
214
215
216
217
218
219
220
221
222
223
224
225
226
227
228
229
230
231
232
233
234
235
236
237
238
239
240
241
242
243
244
245
246
247
248
249
250
251
252
253
254
255
256
257
258
259
260
261
262
263
264
265
266
267
268
269
270
271
272
273
274
275
276
277
278
279
280
281
282
283
284
285
286
287
288
289
290
291
292
293
294
295
296
297
298
299
0
100
200
1
101
201
2
102
202
3
103
203
4
104
204
5
105
205
6
106
206
7
107
207
8
108
208
9
109
209
10
110
210
11
111
211
12
112
212
13
113
213
14
114
214
15
115
215
16
116
216
17
117
217
18
118
218
19
119
219
20
120
220
21
121
221
22
122
222
23
123
223
24
124
224
25
125
225
26
126
226
27
127
227
28
128
228
29
129
229
30
130
230
31
131
231
32
132
232
33
133
233
34
134
234
35
135
235
36
136
236
37
137
237
38
138
238
39
139
239
40
140
240
41
141
241
42
142
242
43
143
243
44
144
244
45
145
245
46
146
246
47
147
247
48
148
248
49
149
249
50
150
250
51
151
251
52
152
252
53
153
253
54
154
254
55
155
255
56
156
256
57
157
257
58
158
258
59
159
259
60
160
260
61
161
261
62
162
262
63
163
263
64
164
264
65
165
265
66
166
266
67
167
267
68
168
268
69
169
269
70
170
270
71
171
271
72
172
272
73
173
273
74
174
274
75
175
275
76
176
276
77
177
277
78
178
278
79
179
279
80
180
280
81
181
281
82
182
282
83
183
283
84
184
284
85
185
285
86
186
286
87
187
287
88
188
288
89
189
289
90
190
290
91
191
291
92
192
292
93
193
293
94
194
294
95
195
295
96
196
296
97
197
297
98
198
298
99
199
299
0
100
200
1
101
201
2
102
202
3
103
203
4
104
204
5
105
205
6
106
206
7
107
207
8
108
208
9
109
209
10
110
210
11
111
211
12
112
212
13
113
213
14
114
214
15
115
215
16
116
216
17
117
217
18
118
218
19
119
219
20
120
220
21
121
221
22
122
222
23
123
223
24
124
224
25
125
225
26
126
226
27
127
227
28
128
228
29
129
229
30
130
230
31
131
231
32
132
232
33
133
233
34
134
234
35
135
235
36
136
236
37
137
237
38
138
238
39
139
239
40
140
240
41
141
241
42
142
242
43
143
243
44
144
244
45
145
245
46
146
246
47
147
247
48
148
248
49
149
249
50
150
250
51
151
251
52
152
252
53
153
253
54
154
254
55
155
255
56
156
256
57
157
257
58
158
258
59
159
259
60
160
260
61
161
261
62
162
262
63
163
263
64
164
264
65
165
265
66
166
266
67
167
267
68
168
268
69
169
269
70
170
270
71
171
271
72
172
272
73
173
273
74
174
274
75
175
275
76
176
276
77
177
277
78
178
278
79
179
279
80
180
280
81
181
281
82
182
282
83
183
283
84
184
284
85
185
285
86
186
286
87
187
287
88
188
288
89
189
289
90
190
290
91
191
291
92
192
292
93
193
293
94
194
294
95
195
295
96
196
296
97
197
297
98
198
298
99
199
299
)


// ************************************************************************* //
