/*--------------------------------*- C++ -*----------------------------------*\
| =========                 |                                                 |
| \\      /  F ield         | OpenFOAM: The Open Source CFD Toolbox           |
|  \\    /   O peration     | Version:  2406                                  |
|   \\  /    A nd           | Website:  www.openfoam.com                      |
|    \\/     M anipulation  |                                                 |
\*---------------------------------------------------------------------------*/
FoamFile
{
    version     2.0;
    format      ascii;
    arch        "LSB;label=32;scalar=64";
    class       faceList;
    location    "constant/polyMesh";
    object      faces;
}
// * * * * * * * * * * * * * * * * * * * * * * * * * * * * * * * * * * * * * //


1303
(
4(1 102 506 405)
4(101 505 506 102)
4(2 103 507 406)
4(102 506 507 103)
4(3 104 508 407)
4(103 507 508 104)
4(4 105 509 408)
4(104 508 509 105)
4(5 106 510 409)
4(105 509 510 106)
4(6 107 511 410)
4(106 510 511 107)
4(7 108 512 411)
4(107 511 512 108)
4(8 109 513 412)
4(108 512 513 109)
4(9 110 514 413)
4(109 513 514 110)
4(10 111 515 414)
4(110 514 515 111)
4(11 112 516 415)
4(111 515 516 112)
4(12 113 517 416)
4(112 516 517 113)
4(13 114 518 417)
4(113 517 518 114)
4(14 115 519 418)
4(114 518 519 115)
4(15 116 520 419)
4(115 519 520 116)
4(16 117 521 420)
4(116 520 521 117)
4(17 118 522 421)
4(117 521 522 118)
4(18 119 523 422)
4(118 522 523 119)
4(19 120 524 423)
4(119 523 524 120)
4(20 121 525 424)
4(120 524 525 121)
4(21 122 526 425)
4(121 525 526 122)
4(22 123 527 426)
4(122 526 527 123)
4(23 124 528 427)
4(123 527 528 124)
4(24 125 529 428)
4(124 528 529 125)
4(25 126 530 429)
4(125 529 530 126)
4(26 127 531 430)
4(126 530 531 127)
4(27 128 532 431)
4(127 531 532 128)
4(28 129 533 432)
4(128 532 533 129)
4(29 130 534 433)
4(129 533 534 130)
4(30 131 535 434)
4(130 534 535 131)
4(31 132 536 435)
4(131 535 536 132)
4(32 133 537 436)
4(132 536 537 133)
4(33 134 538 437)
4(133 537 538 134)
4(34 135 539 438)
4(134 538 539 135)
4(35 136 540 439)
4(135 539 540 136)
4(36 137 541 440)
4(136 540 541 137)
4(37 138 542 441)
4(137 541 542 138)
4(38 139 543 442)
4(138 542 543 139)
4(39 140 544 443)
4(139 543 544 140)
4(40 141 545 444)
4(140 544 545 141)
4(41 142 546 445)
4(141 545 546 142)
4(42 143 547 446)
4(142 546 547 143)
4(43 144 548 447)
4(143 547 548 144)
4(44 145 549 448)
4(144 548 549 145)
4(45 146 550 449)
4(145 549 550 146)
4(46 147 551 450)
4(146 550 551 147)
4(47 148 552 451)
4(147 551 552 148)
4(48 149 553 452)
4(148 552 553 149)
4(49 150 554 453)
4(149 553 554 150)
4(50 151 555 454)
4(150 554 555 151)
4(51 152 556 455)
4(151 555 556 152)
4(52 153 557 456)
4(152 556 557 153)
4(53 154 558 457)
4(153 557 558 154)
4(54 155 559 458)
4(154 558 559 155)
4(55 156 560 459)
4(155 559 560 156)
4(56 157 561 460)
4(156 560 561 157)
4(57 158 562 461)
4(157 561 562 158)
4(58 159 563 462)
4(158 562 563 159)
4(59 160 564 463)
4(159 563 564 160)
4(60 161 565 464)
4(160 564 565 161)
4(61 162 566 465)
4(161 565 566 162)
4(62 163 567 466)
4(162 566 567 163)
4(63 164 568 467)
4(163 567 568 164)
4(64 165 569 468)
4(164 568 569 165)
4(65 166 570 469)
4(165 569 570 166)
4(66 167 571 470)
4(166 570 571 167)
4(67 168 572 471)
4(167 571 572 168)
4(68 169 573 472)
4(168 572 573 169)
4(69 170 574 473)
4(169 573 574 170)
4(70 171 575 474)
4(170 574 575 171)
4(71 172 576 475)
4(171 575 576 172)
4(72 173 577 476)
4(172 576 577 173)
4(73 174 578 477)
4(173 577 578 174)
4(74 175 579 478)
4(174 578 579 175)
4(75 176 580 479)
4(175 579 580 176)
4(76 177 581 480)
4(176 580 581 177)
4(77 178 582 481)
4(177 581 582 178)
4(78 179 583 482)
4(178 582 583 179)
4(79 180 584 483)
4(179 583 584 180)
4(80 181 585 484)
4(180 584 585 181)
4(81 182 586 485)
4(181 585 586 182)
4(82 183 587 486)
4(182 586 587 183)
4(83 184 588 487)
4(183 587 588 184)
4(84 185 589 488)
4(184 588 589 185)
4(85 186 590 489)
4(185 589 590 186)
4(86 187 591 490)
4(186 590 591 187)
4(87 188 592 491)
4(187 591 592 188)
4(88 189 593 492)
4(188 592 593 189)
4(89 190 594 493)
4(189 593 594 190)
4(90 191 595 494)
4(190 594 595 191)
4(91 192 596 495)
4(191 595 596 192)
4(92 193 597 496)
4(192 596 597 193)
4(93 194 598 497)
4(193 597 598 194)
4(94 195 599 498)
4(194 598 599 195)
4(95 196 600 499)
4(195 599 600 196)
4(96 197 601 500)
4(196 600 601 197)
4(97 198 602 501)
4(197 601 602 198)
4(98 199 603 502)
4(198 602 603 199)
4(99 200 604 503)
4(199 603 604 200)
4(200 604 605 201)
4(102 203 607 506)
4(202 606 607 203)
4(103 204 608 507)
4(203 607 608 204)
4(104 205 609 508)
4(204 608 609 205)
4(105 206 610 509)
4(205 609 610 206)
4(106 207 611 510)
4(206 610 611 207)
4(107 208 612 511)
4(207 611 612 208)
4(108 209 613 512)
4(208 612 613 209)
4(109 210 614 513)
4(209 613 614 210)
4(110 211 615 514)
4(210 614 615 211)
4(111 212 616 515)
4(211 615 616 212)
4(112 213 617 516)
4(212 616 617 213)
4(113 214 618 517)
4(213 617 618 214)
4(114 215 619 518)
4(214 618 619 215)
4(115 216 620 519)
4(215 619 620 216)
4(116 217 621 520)
4(216 620 621 217)
4(117 218 622 521)
4(217 621 622 218)
4(118 219 623 522)
4(218 622 623 219)
4(119 220 624 523)
4(219 623 624 220)
4(120 221 625 524)
4(220 624 625 221)
4(121 222 626 525)
4(221 625 626 222)
4(122 223 627 526)
4(222 626 627 223)
4(123 224 628 527)
4(223 627 628 224)
4(124 225 629 528)
4(224 628 629 225)
4(125 226 630 529)
4(225 629 630 226)
4(126 227 631 530)
4(226 630 631 227)
4(127 228 632 531)
4(227 631 632 228)
4(128 229 633 532)
4(228 632 633 229)
4(129 230 634 533)
4(229 633 634 230)
4(130 231 635 534)
4(230 634 635 231)
4(131 232 636 535)
4(231 635 636 232)
4(132 233 637 536)
4(232 636 637 233)
4(133 234 638 537)
4(233 637 638 234)
4(134 235 639 538)
4(234 638 639 235)
4(135 236 640 539)
4(235 639 640 236)
4(136 237 641 540)
4(236 640 641 237)
4(137 238 642 541)
4(237 641 642 238)
4(138 239 643 542)
4(238 642 643 239)
4(139 240 644 543)
4(239 643 644 240)
4(140 241 645 544)
4(240 644 645 241)
4(141 242 646 545)
4(241 645 646 242)
4(142 243 647 546)
4(242 646 647 243)
4(143 244 648 547)
4(243 647 648 244)
4(144 245 649 548)
4(244 648 649 245)
4(145 246 650 549)
4(245 649 650 246)
4(146 247 651 550)
4(246 650 651 247)
4(147 248 652 551)
4(247 651 652 248)
4(148 249 653 552)
4(248 652 653 249)
4(149 250 654 553)
4(249 653 654 250)
4(150 251 655 554)
4(250 654 655 251)
4(151 252 656 555)
4(251 655 656 252)
4(152 253 657 556)
4(252 656 657 253)
4(153 254 658 557)
4(253 657 658 254)
4(154 255 659 558)
4(254 658 659 255)
4(155 256 660 559)
4(255 659 660 256)
4(156 257 661 560)
4(256 660 661 257)
4(157 258 662 561)
4(257 661 662 258)
4(158 259 663 562)
4(258 662 663 259)
4(159 260 664 563)
4(259 663 664 260)
4(160 261 665 564)
4(260 664 665 261)
4(161 262 666 565)
4(261 665 666 262)
4(162 263 667 566)
4(262 666 667 263)
4(163 264 668 567)
4(263 667 668 264)
4(164 265 669 568)
4(264 668 669 265)
4(165 266 670 569)
4(265 669 670 266)
4(166 267 671 570)
4(266 670 671 267)
4(167 268 672 571)
4(267 671 672 268)
4(168 269 673 572)
4(268 672 673 269)
4(169 270 674 573)
4(269 673 674 270)
4(170 271 675 574)
4(270 674 675 271)
4(171 272 676 575)
4(271 675 676 272)
4(172 273 677 576)
4(272 676 677 273)
4(173 274 678 577)
4(273 677 678 274)
4(174 275 679 578)
4(274 678 679 275)
4(175 276 680 579)
4(275 679 680 276)
4(176 277 681 580)
4(276 680 681 277)
4(177 278 682 581)
4(277 681 682 278)
4(178 279 683 582)
4(278 682 683 279)
4(179 280 684 583)
4(279 683 684 280)
4(180 281 685 584)
4(280 684 685 281)
4(181 282 686 585)
4(281 685 686 282)
4(182 283 687 586)
4(282 686 687 283)
4(183 284 688 587)
4(283 687 688 284)
4(184 285 689 588)
4(284 688 689 285)
4(185 286 690 589)
4(285 689 690 286)
4(186 287 691 590)
4(286 690 691 287)
4(187 288 692 591)
4(287 691 692 288)
4(188 289 693 592)
4(288 692 693 289)
4(189 290 694 593)
4(289 693 694 290)
4(190 291 695 594)
4(290 694 695 291)
4(191 292 696 595)
4(291 695 696 292)
4(192 293 697 596)
4(292 696 697 293)
4(193 294 698 597)
4(293 697 698 294)
4(194 295 699 598)
4(294 698 699 295)
4(195 296 700 599)
4(295 699 700 296)
4(196 297 701 600)
4(296 700 701 297)
4(197 298 702 601)
4(297 701 702 298)
4(198 299 703 602)
4(298 702 703 299)
4(199 300 704 603)
4(299 703 704 300)
4(200 301 705 604)
4(300 704 705 301)
4(301 705 706 302)
4(203 304 708 607)
4(204 305 709 608)
4(205 306 710 609)
4(206 307 711 610)
4(207 308 712 611)
4(208 309 713 612)
4(209 310 714 613)
4(210 311 715 614)
4(211 312 716 615)
4(212 313 717 616)
4(213 314 718 617)
4(214 315 719 618)
4(215 316 720 619)
4(216 317 721 620)
4(217 318 722 621)
4(218 319 723 622)
4(219 320 724 623)
4(220 321 725 624)
4(221 322 726 625)
4(222 323 727 626)
4(223 324 728 627)
4(224 325 729 628)
4(225 326 730 629)
4(226 327 731 630)
4(227 328 732 631)
4(228 329 733 632)
4(229 330 734 633)
4(230 331 735 634)
4(231 332 736 635)
4(232 333 737 636)
4(233 334 738 637)
4(234 335 739 638)
4(235 336 740 639)
4(236 337 741 640)
4(237 338 742 641)
4(238 339 743 642)
4(239 340 744 643)
4(240 341 745 644)
4(241 342 746 645)
4(242 343 747 646)
4(243 344 748 647)
4(244 345 749 648)
4(245 346 750 649)
4(246 347 751 650)
4(247 348 752 651)
4(248 349 753 652)
4(249 350 754 653)
4(250 351 755 654)
4(251 352 756 655)
4(252 353 757 656)
4(253 354 758 657)
4(254 355 759 658)
4(255 356 760 659)
4(256 357 761 660)
4(257 358 762 661)
4(258 359 763 662)
4(259 360 764 663)
4(260 361 765 664)
4(261 362 766 665)
4(262 363 767 666)
4(263 364 768 667)
4(264 365 769 668)
4(265 366 770 669)
4(266 367 771 670)
4(267 368 772 671)
4(268 369 773 672)
4(269 370 774 673)
4(270 371 775 674)
4(271 372 776 675)
4(272 373 777 676)
4(273 374 778 677)
4(274 375 779 678)
4(275 376 780 679)
4(276 377 781 680)
4(277 378 782 681)
4(278 379 783 682)
4(279 380 784 683)
4(280 381 785 684)
4(281 382 786 685)
4(282 383 787 686)
4(283 384 788 687)
4(284 385 789 688)
4(285 386 790 689)
4(286 387 791 690)
4(287 388 792 691)
4(288 389 793 692)
4(289 390 794 693)
4(290 391 795 694)
4(291 392 796 695)
4(292 393 797 696)
4(293 394 798 697)
4(294 395 799 698)
4(295 396 800 699)
4(296 397 801 700)
4(297 398 802 701)
4(298 399 803 702)
4(299 400 804 703)
4(300 401 805 704)
4(301 402 806 705)
4(0 404 505 101)
4(101 505 606 202)
4(202 606 707 303)
4(100 201 605 504)
4(201 302 706 605)
4(302 403 807 706)
4(0 1 405 404)
4(1 2 406 405)
4(2 3 407 406)
4(3 4 408 407)
4(4 5 409 408)
4(5 6 410 409)
4(6 7 411 410)
4(7 8 412 411)
4(8 9 413 412)
4(9 10 414 413)
4(10 11 415 414)
4(11 12 416 415)
4(12 13 417 416)
4(13 14 418 417)
4(14 15 419 418)
4(15 16 420 419)
4(16 17 421 420)
4(17 18 422 421)
4(18 19 423 422)
4(19 20 424 423)
4(20 21 425 424)
4(21 22 426 425)
4(22 23 427 426)
4(23 24 428 427)
4(24 25 429 428)
4(25 26 430 429)
4(26 27 431 430)
4(27 28 432 431)
4(28 29 433 432)
4(29 30 434 433)
4(30 31 435 434)
4(31 32 436 435)
4(32 33 437 436)
4(33 34 438 437)
4(34 35 439 438)
4(35 36 440 439)
4(36 37 441 440)
4(37 38 442 441)
4(38 39 443 442)
4(39 40 444 443)
4(40 41 445 444)
4(41 42 446 445)
4(42 43 447 446)
4(43 44 448 447)
4(44 45 449 448)
4(45 46 450 449)
4(46 47 451 450)
4(47 48 452 451)
4(48 49 453 452)
4(49 50 454 453)
4(50 51 455 454)
4(51 52 456 455)
4(52 53 457 456)
4(53 54 458 457)
4(54 55 459 458)
4(55 56 460 459)
4(56 57 461 460)
4(57 58 462 461)
4(58 59 463 462)
4(59 60 464 463)
4(60 61 465 464)
4(61 62 466 465)
4(62 63 467 466)
4(63 64 468 467)
4(64 65 469 468)
4(65 66 470 469)
4(66 67 471 470)
4(67 68 472 471)
4(68 69 473 472)
4(69 70 474 473)
4(70 71 475 474)
4(71 72 476 475)
4(72 73 477 476)
4(73 74 478 477)
4(74 75 479 478)
4(75 76 480 479)
4(76 77 481 480)
4(77 78 482 481)
4(78 79 483 482)
4(79 80 484 483)
4(80 81 485 484)
4(81 82 486 485)
4(82 83 487 486)
4(83 84 488 487)
4(84 85 489 488)
4(85 86 490 489)
4(86 87 491 490)
4(87 88 492 491)
4(88 89 493 492)
4(89 90 494 493)
4(90 91 495 494)
4(91 92 496 495)
4(92 93 497 496)
4(93 94 498 497)
4(94 95 499 498)
4(95 96 500 499)
4(96 97 501 500)
4(97 98 502 501)
4(98 99 503 502)
4(99 100 504 503)
4(303 707 708 304)
4(304 708 709 305)
4(305 709 710 306)
4(306 710 711 307)
4(307 711 712 308)
4(308 712 713 309)
4(309 713 714 310)
4(310 714 715 311)
4(311 715 716 312)
4(312 716 717 313)
4(313 717 718 314)
4(314 718 719 315)
4(315 719 720 316)
4(316 720 721 317)
4(317 721 722 318)
4(318 722 723 319)
4(319 723 724 320)
4(320 724 725 321)
4(321 725 726 322)
4(322 726 727 323)
4(323 727 728 324)
4(324 728 729 325)
4(325 729 730 326)
4(326 730 731 327)
4(327 731 732 328)
4(328 732 733 329)
4(329 733 734 330)
4(330 734 735 331)
4(331 735 736 332)
4(332 736 737 333)
4(333 737 738 334)
4(334 738 739 335)
4(335 739 740 336)
4(336 740 741 337)
4(337 741 742 338)
4(338 742 743 339)
4(339 743 744 340)
4(340 744 745 341)
4(341 745 746 342)
4(342 746 747 343)
4(343 747 748 344)
4(344 748 749 345)
4(345 749 750 346)
4(346 750 751 347)
4(347 751 752 348)
4(348 752 753 349)
4(349 753 754 350)
4(350 754 755 351)
4(351 755 756 352)
4(352 756 757 353)
4(353 757 758 354)
4(354 758 759 355)
4(355 759 760 356)
4(356 760 761 357)
4(357 761 762 358)
4(358 762 763 359)
4(359 763 764 360)
4(360 764 765 361)
4(361 765 766 362)
4(362 766 767 363)
4(363 767 768 364)
4(364 768 769 365)
4(365 769 770 366)
4(366 770 771 367)
4(367 771 772 368)
4(368 772 773 369)
4(369 773 774 370)
4(370 774 775 371)
4(371 775 776 372)
4(372 776 777 373)
4(373 777 778 374)
4(374 778 779 375)
4(375 779 780 376)
4(376 780 781 377)
4(377 781 782 378)
4(378 782 783 379)
4(379 783 784 380)
4(380 784 785 381)
4(381 785 786 382)
4(382 786 787 383)
4(383 787 788 384)
4(384 788 789 385)
4(385 789 790 386)
4(386 790 791 387)
4(387 791 792 388)
4(388 792 793 389)
4(389 793 794 390)
4(390 794 795 391)
4(391 795 796 392)
4(392 796 797 393)
4(393 797 798 394)
4(394 798 799 395)
4(395 799 800 396)
4(396 800 801 397)
4(397 801 802 398)
4(398 802 803 399)
4(399 803 804 400)
4(400 804 805 401)
4(401 805 806 402)
4(402 806 807 403)
4(404 405 506 505)
4(505 506 607 606)
4(606 607 708 707)
4(405 406 507 506)
4(506 507 608 607)
4(607 608 709 708)
4(406 407 508 507)
4(507 508 609 608)
4(608 609 710 709)
4(407 408 509 508)
4(508 509 610 609)
4(609 610 711 710)
4(408 409 510 509)
4(509 510 611 610)
4(610 611 712 711)
4(409 410 511 510)
4(510 511 612 611)
4(611 612 713 712)
4(410 411 512 511)
4(511 512 613 612)
4(612 613 714 713)
4(411 412 513 512)
4(512 513 614 613)
4(613 614 715 714)
4(412 413 514 513)
4(513 514 615 614)
4(614 615 716 715)
4(413 414 515 514)
4(514 515 616 615)
4(615 616 717 716)
4(414 415 516 515)
4(515 516 617 616)
4(616 617 718 717)
4(415 416 517 516)
4(516 517 618 617)
4(617 618 719 718)
4(416 417 518 517)
4(517 518 619 618)
4(618 619 720 719)
4(417 418 519 518)
4(518 519 620 619)
4(619 620 721 720)
4(418 419 520 519)
4(519 520 621 620)
4(620 621 722 721)
4(419 420 521 520)
4(520 521 622 621)
4(621 622 723 722)
4(420 421 522 521)
4(521 522 623 622)
4(622 623 724 723)
4(421 422 523 522)
4(522 523 624 623)
4(623 624 725 724)
4(422 423 524 523)
4(523 524 625 624)
4(624 625 726 725)
4(423 424 525 524)
4(524 525 626 625)
4(625 626 727 726)
4(424 425 526 525)
4(525 526 627 626)
4(626 627 728 727)
4(425 426 527 526)
4(526 527 628 627)
4(627 628 729 728)
4(426 427 528 527)
4(527 528 629 628)
4(628 629 730 729)
4(427 428 529 528)
4(528 529 630 629)
4(629 630 731 730)
4(428 429 530 529)
4(529 530 631 630)
4(630 631 732 731)
4(429 430 531 530)
4(530 531 632 631)
4(631 632 733 732)
4(430 431 532 531)
4(531 532 633 632)
4(632 633 734 733)
4(431 432 533 532)
4(532 533 634 633)
4(633 634 735 734)
4(432 433 534 533)
4(533 534 635 634)
4(634 635 736 735)
4(433 434 535 534)
4(534 535 636 635)
4(635 636 737 736)
4(434 435 536 535)
4(535 536 637 636)
4(636 637 738 737)
4(435 436 537 536)
4(536 537 638 637)
4(637 638 739 738)
4(436 437 538 537)
4(537 538 639 638)
4(638 639 740 739)
4(437 438 539 538)
4(538 539 640 639)
4(639 640 741 740)
4(438 439 540 539)
4(539 540 641 640)
4(640 641 742 741)
4(439 440 541 540)
4(540 541 642 641)
4(641 642 743 742)
4(440 441 542 541)
4(541 542 643 642)
4(642 643 744 743)
4(441 442 543 542)
4(542 543 644 643)
4(643 644 745 744)
4(442 443 544 543)
4(543 544 645 644)
4(644 645 746 745)
4(443 444 545 544)
4(544 545 646 645)
4(645 646 747 746)
4(444 445 546 545)
4(545 546 647 646)
4(646 647 748 747)
4(445 446 547 546)
4(546 547 648 647)
4(647 648 749 748)
4(446 447 548 547)
4(547 548 649 648)
4(648 649 750 749)
4(447 448 549 548)
4(548 549 650 649)
4(649 650 751 750)
4(448 449 550 549)
4(549 550 651 650)
4(650 651 752 751)
4(449 450 551 550)
4(550 551 652 651)
4(651 652 753 752)
4(450 451 552 551)
4(551 552 653 652)
4(652 653 754 753)
4(451 452 553 552)
4(552 553 654 653)
4(653 654 755 754)
4(452 453 554 553)
4(553 554 655 654)
4(654 655 756 755)
4(453 454 555 554)
4(554 555 656 655)
4(655 656 757 756)
4(454 455 556 555)
4(555 556 657 656)
4(656 657 758 757)
4(455 456 557 556)
4(556 557 658 657)
4(657 658 759 758)
4(456 457 558 557)
4(557 558 659 658)
4(658 659 760 759)
4(457 458 559 558)
4(558 559 660 659)
4(659 660 761 760)
4(458 459 560 559)
4(559 560 661 660)
4(660 661 762 761)
4(459 460 561 560)
4(560 561 662 661)
4(661 662 763 762)
4(460 461 562 561)
4(561 562 663 662)
4(662 663 764 763)
4(461 462 563 562)
4(562 563 664 663)
4(663 664 765 764)
4(462 463 564 563)
4(563 564 665 664)
4(664 665 766 765)
4(463 464 565 564)
4(564 565 666 665)
4(665 666 767 766)
4(464 465 566 565)
4(565 566 667 666)
4(666 667 768 767)
4(465 466 567 566)
4(566 567 668 667)
4(667 668 769 768)
4(466 467 568 567)
4(567 568 669 668)
4(668 669 770 769)
4(467 468 569 568)
4(568 569 670 669)
4(669 670 771 770)
4(468 469 570 569)
4(569 570 671 670)
4(670 671 772 771)
4(469 470 571 570)
4(570 571 672 671)
4(671 672 773 772)
4(470 471 572 571)
4(571 572 673 672)
4(672 673 774 773)
4(471 472 573 572)
4(572 573 674 673)
4(673 674 775 774)
4(472 473 574 573)
4(573 574 675 674)
4(674 675 776 775)
4(473 474 575 574)
4(574 575 676 675)
4(675 676 777 776)
4(474 475 576 575)
4(575 576 677 676)
4(676 677 778 777)
4(475 476 577 576)
4(576 577 678 677)
4(677 678 779 778)
4(476 477 578 577)
4(577 578 679 678)
4(678 679 780 779)
4(477 478 579 578)
4(578 579 680 679)
4(679 680 781 780)
4(478 479 580 579)
4(579 580 681 680)
4(680 681 782 781)
4(479 480 581 580)
4(580 581 682 681)
4(681 682 783 782)
4(480 481 582 581)
4(581 582 683 682)
4(682 683 784 783)
4(481 482 583 582)
4(582 583 684 683)
4(683 684 785 784)
4(482 483 584 583)
4(583 584 685 684)
4(684 685 786 785)
4(483 484 585 584)
4(584 585 686 685)
4(685 686 787 786)
4(484 485 586 585)
4(585 586 687 686)
4(686 687 788 787)
4(485 486 587 586)
4(586 587 688 687)
4(687 688 789 788)
4(486 487 588 587)
4(587 588 689 688)
4(688 689 790 789)
4(487 488 589 588)
4(588 589 690 689)
4(689 690 791 790)
4(488 489 590 589)
4(589 590 691 690)
4(690 691 792 791)
4(489 490 591 590)
4(590 591 692 691)
4(691 692 793 792)
4(490 491 592 591)
4(591 592 693 692)
4(692 693 794 793)
4(491 492 593 592)
4(592 593 694 693)
4(693 694 795 794)
4(492 493 594 593)
4(593 594 695 694)
4(694 695 796 795)
4(493 494 595 594)
4(594 595 696 695)
4(695 696 797 796)
4(494 495 596 595)
4(595 596 697 696)
4(696 697 798 797)
4(495 496 597 596)
4(596 597 698 697)
4(697 698 799 798)
4(496 497 598 597)
4(597 598 699 698)
4(698 699 800 799)
4(497 498 599 598)
4(598 599 700 699)
4(699 700 801 800)
4(498 499 600 599)
4(599 600 701 700)
4(700 701 802 801)
4(499 500 601 600)
4(600 601 702 701)
4(701 702 803 802)
4(500 501 602 601)
4(601 602 703 702)
4(702 703 804 803)
4(501 502 603 602)
4(602 603 704 703)
4(703 704 805 804)
4(502 503 604 603)
4(603 604 705 704)
4(704 705 806 805)
4(503 504 605 604)
4(604 605 706 705)
4(705 706 807 806)
4(0 101 102 1)
4(101 202 203 102)
4(202 303 304 203)
4(1 102 103 2)
4(102 203 204 103)
4(203 304 305 204)
4(2 103 104 3)
4(103 204 205 104)
4(204 305 306 205)
4(3 104 105 4)
4(104 205 206 105)
4(205 306 307 206)
4(4 105 106 5)
4(105 206 207 106)
4(206 307 308 207)
4(5 106 107 6)
4(106 207 208 107)
4(207 308 309 208)
4(6 107 108 7)
4(107 208 209 108)
4(208 309 310 209)
4(7 108 109 8)
4(108 209 210 109)
4(209 310 311 210)
4(8 109 110 9)
4(109 210 211 110)
4(210 311 312 211)
4(9 110 111 10)
4(110 211 212 111)
4(211 312 313 212)
4(10 111 112 11)
4(111 212 213 112)
4(212 313 314 213)
4(11 112 113 12)
4(112 213 214 113)
4(213 314 315 214)
4(12 113 114 13)
4(113 214 215 114)
4(214 315 316 215)
4(13 114 115 14)
4(114 215 216 115)
4(215 316 317 216)
4(14 115 116 15)
4(115 216 217 116)
4(216 317 318 217)
4(15 116 117 16)
4(116 217 218 117)
4(217 318 319 218)
4(16 117 118 17)
4(117 218 219 118)
4(218 319 320 219)
4(17 118 119 18)
4(118 219 220 119)
4(219 320 321 220)
4(18 119 120 19)
4(119 220 221 120)
4(220 321 322 221)
4(19 120 121 20)
4(120 221 222 121)
4(221 322 323 222)
4(20 121 122 21)
4(121 222 223 122)
4(222 323 324 223)
4(21 122 123 22)
4(122 223 224 123)
4(223 324 325 224)
4(22 123 124 23)
4(123 224 225 124)
4(224 325 326 225)
4(23 124 125 24)
4(124 225 226 125)
4(225 326 327 226)
4(24 125 126 25)
4(125 226 227 126)
4(226 327 328 227)
4(25 126 127 26)
4(126 227 228 127)
4(227 328 329 228)
4(26 127 128 27)
4(127 228 229 128)
4(228 329 330 229)
4(27 128 129 28)
4(128 229 230 129)
4(229 330 331 230)
4(28 129 130 29)
4(129 230 231 130)
4(230 331 332 231)
4(29 130 131 30)
4(130 231 232 131)
4(231 332 333 232)
4(30 131 132 31)
4(131 232 233 132)
4(232 333 334 233)
4(31 132 133 32)
4(132 233 234 133)
4(233 334 335 234)
4(32 133 134 33)
4(133 234 235 134)
4(234 335 336 235)
4(33 134 135 34)
4(134 235 236 135)
4(235 336 337 236)
4(34 135 136 35)
4(135 236 237 136)
4(236 337 338 237)
4(35 136 137 36)
4(136 237 238 137)
4(237 338 339 238)
4(36 137 138 37)
4(137 238 239 138)
4(238 339 340 239)
4(37 138 139 38)
4(138 239 240 139)
4(239 340 341 240)
4(38 139 140 39)
4(139 240 241 140)
4(240 341 342 241)
4(39 140 141 40)
4(140 241 242 141)
4(241 342 343 242)
4(40 141 142 41)
4(141 242 243 142)
4(242 343 344 243)
4(41 142 143 42)
4(142 243 244 143)
4(243 344 345 244)
4(42 143 144 43)
4(143 244 245 144)
4(244 345 346 245)
4(43 144 145 44)
4(144 245 246 145)
4(245 346 347 246)
4(44 145 146 45)
4(145 246 247 146)
4(246 347 348 247)
4(45 146 147 46)
4(146 247 248 147)
4(247 348 349 248)
4(46 147 148 47)
4(147 248 249 148)
4(248 349 350 249)
4(47 148 149 48)
4(148 249 250 149)
4(249 350 351 250)
4(48 149 150 49)
4(149 250 251 150)
4(250 351 352 251)
4(49 150 151 50)
4(150 251 252 151)
4(251 352 353 252)
4(50 151 152 51)
4(151 252 253 152)
4(252 353 354 253)
4(51 152 153 52)
4(152 253 254 153)
4(253 354 355 254)
4(52 153 154 53)
4(153 254 255 154)
4(254 355 356 255)
4(53 154 155 54)
4(154 255 256 155)
4(255 356 357 256)
4(54 155 156 55)
4(155 256 257 156)
4(256 357 358 257)
4(55 156 157 56)
4(156 257 258 157)
4(257 358 359 258)
4(56 157 158 57)
4(157 258 259 158)
4(258 359 360 259)
4(57 158 159 58)
4(158 259 260 159)
4(259 360 361 260)
4(58 159 160 59)
4(159 260 261 160)
4(260 361 362 261)
4(59 160 161 60)
4(160 261 262 161)
4(261 362 363 262)
4(60 161 162 61)
4(161 262 263 162)
4(262 363 364 263)
4(61 162 163 62)
4(162 263 264 163)
4(263 364 365 264)
4(62 163 164 63)
4(163 264 265 164)
4(264 365 366 265)
4(63 164 165 64)
4(164 265 266 165)
4(265 366 367 266)
4(64 165 166 65)
4(165 266 267 166)
4(266 367 368 267)
4(65 166 167 66)
4(166 267 268 167)
4(267 368 369 268)
4(66 167 168 67)
4(167 268 269 168)
4(268 369 370 269)
4(67 168 169 68)
4(168 269 270 169)
4(269 370 371 270)
4(68 169 170 69)
4(169 270 271 170)
4(270 371 372 271)
4(69 170 171 70)
4(170 271 272 171)
4(271 372 373 272)
4(70 171 172 71)
4(171 272 273 172)
4(272 373 374 273)
4(71 172 173 72)
4(172 273 274 173)
4(273 374 375 274)
4(72 173 174 73)
4(173 274 275 174)
4(274 375 376 275)
4(73 174 175 74)
4(174 275 276 175)
4(275 376 377 276)
4(74 175 176 75)
4(175 276 277 176)
4(276 377 378 277)
4(75 176 177 76)
4(176 277 278 177)
4(277 378 379 278)
4(76 177 178 77)
4(177 278 279 178)
4(278 379 380 279)
4(77 178 179 78)
4(178 279 280 179)
4(279 380 381 280)
4(78 179 180 79)
4(179 280 281 180)
4(280 381 382 281)
4(79 180 181 80)
4(180 281 282 181)
4(281 382 383 282)
4(80 181 182 81)
4(181 282 283 182)
4(282 383 384 283)
4(81 182 183 82)
4(182 283 284 183)
4(283 384 385 284)
4(82 183 184 83)
4(183 284 285 184)
4(284 385 386 285)
4(83 184 185 84)
4(184 285 286 185)
4(285 386 387 286)
4(84 185 186 85)
4(185 286 287 186)
4(286 387 388 287)
4(85 186 187 86)
4(186 287 288 187)
4(287 388 389 288)
4(86 187 188 87)
4(187 288 289 188)
4(288 389 390 289)
4(87 188 189 88)
4(188 289 290 189)
4(289 390 391 290)
4(88 189 190 89)
4(189 290 291 190)
4(290 391 392 291)
4(89 190 191 90)
4(190 291 292 191)
4(291 392 393 292)
4(90 191 192 91)
4(191 292 293 192)
4(292 393 394 293)
4(91 192 193 92)
4(192 293 294 193)
4(293 394 395 294)
4(92 193 194 93)
4(193 294 295 194)
4(294 395 396 295)
4(93 194 195 94)
4(194 295 296 195)
4(295 396 397 296)
4(94 195 196 95)
4(195 296 297 196)
4(296 397 398 297)
4(95 196 197 96)
4(196 297 298 197)
4(297 398 399 298)
4(96 197 198 97)
4(197 298 299 198)
4(298 399 400 299)
4(97 198 199 98)
4(198 299 300 199)
4(299 400 401 300)
4(98 199 200 99)
4(199 300 301 200)
4(300 401 402 301)
4(99 200 201 100)
4(200 301 302 201)
4(301 402 403 302)
)


// ************************************************************************* //
