/*--------------------------------*- C++ -*----------------------------------*\
| =========                 |                                                 |
| \\      /  F ield         | OpenFOAM: The Open Source CFD Toolbox           |
|  \\    /   O peration     | Version:  2406                                  |
|   \\  /    A nd           | Website:  www.openfoam.com                      |
|    \\/     M anipulation  |                                                 |
\*---------------------------------------------------------------------------*/
FoamFile
{
    version     2.0;
    format      ascii;
    arch        "LSB;label=32;scalar=64";
    note        "nPoints:808  nCells:300  nFaces:1303  nInternalFaces:497";
    class       labelList;
    location    "constant/polyMesh";
    object      neighbour;
}
// * * * * * * * * * * * * * * * * * * * * * * * * * * * * * * * * * * * * * //


497
(
1
100
2
101
3
102
4
103
5
104
6
105
7
106
8
107
9
108
10
109
11
110
12
111
13
112
14
113
15
114
16
115
17
116
18
117
19
118
20
119
21
120
22
121
23
122
24
123
25
124
26
125
27
126
28
127
29
128
30
129
31
130
32
131
33
132
34
133
35
134
36
135
37
136
38
137
39
138
40
139
41
140
42
141
43
142
44
143
45
144
46
145
47
146
48
147
49
148
50
149
51
150
52
151
53
152
54
153
55
154
56
155
57
156
58
157
59
158
60
159
61
160
62
161
63
162
64
163
65
164
66
165
67
166
68
167
69
168
70
169
71
170
72
171
73
172
74
173
75
174
76
175
77
176
78
177
79
178
80
179
81
180
82
181
83
182
84
183
85
184
86
185
87
186
88
187
89
188
90
189
91
190
92
191
93
192
94
193
95
194
96
195
97
196
98
197
99
198
199
101
200
102
201
103
202
104
203
105
204
106
205
107
206
108
207
109
208
110
209
111
210
112
211
113
212
114
213
115
214
116
215
117
216
118
217
119
218
120
219
121
220
122
221
123
222
124
223
125
224
126
225
127
226
128
227
129
228
130
229
131
230
132
231
133
232
134
233
135
234
136
235
137
236
138
237
139
238
140
239
141
240
142
241
143
242
144
243
145
244
146
245
147
246
148
247
149
248
150
249
151
250
152
251
153
252
154
253
155
254
156
255
157
256
158
257
159
258
160
259
161
260
162
261
163
262
164
263
165
264
166
265
167
266
168
267
169
268
170
269
171
270
172
271
173
272
174
273
175
274
176
275
177
276
178
277
179
278
180
279
181
280
182
281
183
282
184
283
185
284
186
285
187
286
188
287
189
288
190
289
191
290
192
291
193
292
194
293
195
294
196
295
197
296
198
297
199
298
299
201
202
203
204
205
206
207
208
209
210
211
212
213
214
215
216
217
218
219
220
221
222
223
224
225
226
227
228
229
230
231
232
233
234
235
236
237
238
239
240
241
242
243
244
245
246
247
248
249
250
251
252
253
254
255
256
257
258
259
260
261
262
263
264
265
266
267
268
269
270
271
272
273
274
275
276
277
278
279
280
281
282
283
284
285
286
287
288
289
290
291
292
293
294
295
296
297
298
299
)


// ************************************************************************* //
