/*--------------------------------*- C++ -*----------------------------------*\
| =========                 |                                                 |
| \\      /  F ield         | OpenFOAM: The Open Source CFD Toolbox           |
|  \\    /   O peration     | Version:  2406                                  |
|   \\  /    A nd           | Website:  www.openfoam.com                      |
|    \\/     M anipulation  |                                                 |
\*---------------------------------------------------------------------------*/
FoamFile
{
    version     2.0;
    format      ascii;
    arch        "LSB;label=32;scalar=64";
    note        "nPoints:14874  nCells:7200  nFaces:29036  nInternalFaces:14164";
    class       labelList;
    location    "constant/polyMesh";
    object      neighbour;
}
// * * * * * * * * * * * * * * * * * * * * * * * * * * * * * * * * * * * * * //


14164
(
1
36
2
37
3
38
4
39
5
40
6
41
7
42
8
43
9
44
10
45
11
46
12
47
13
48
14
49
15
50
16
51
17
52
18
53
19
54
20
55
21
56
22
57
23
58
24
59
25
60
26
61
27
62
28
63
29
64
30
65
31
66
32
67
33
68
34
69
35
70
71
37
72
38
73
39
74
40
75
41
76
42
77
43
78
44
79
45
80
46
81
47
82
48
83
49
84
50
85
51
86
52
87
53
88
54
89
55
90
56
91
57
92
58
93
59
94
60
95
61
96
62
97
63
98
64
99
65
100
66
101
67
102
68
103
69
104
70
105
71
106
107
73
108
74
109
75
110
76
111
77
112
78
113
79
114
80
115
81
116
82
117
83
118
84
119
85
120
86
121
87
122
88
123
89
124
90
125
91
126
92
127
93
128
94
129
95
130
96
131
97
132
98
133
99
134
100
135
101
136
102
137
103
138
104
139
105
140
106
141
107
142
143
109
144
110
145
111
146
112
147
113
148
114
149
115
150
116
151
117
152
118
153
119
154
120
155
121
156
122
157
123
158
124
159
125
160
126
161
127
162
128
163
129
164
130
165
131
166
132
167
133
168
134
169
135
170
136
171
137
172
138
173
139
174
140
175
141
176
142
177
143
178
179
145
180
146
181
147
182
148
183
149
184
150
185
151
186
152
187
153
188
154
189
155
190
156
191
157
192
158
193
159
194
160
195
161
196
162
197
163
198
164
199
165
200
166
201
167
202
168
203
169
204
170
205
171
206
172
207
173
208
174
209
175
210
176
211
177
212
178
213
179
214
215
181
216
182
217
183
218
184
219
185
220
186
221
187
222
188
223
189
224
190
225
191
226
192
227
193
228
194
229
195
230
196
231
197
232
198
233
199
234
200
235
201
236
202
237
203
238
204
239
205
240
206
241
207
242
208
243
209
244
210
245
211
246
212
247
213
248
214
249
215
250
251
217
252
218
253
219
254
220
255
221
256
222
257
223
258
224
259
225
260
226
261
227
262
228
263
229
264
230
265
231
266
232
267
233
268
234
269
235
270
236
271
237
272
238
273
239
274
240
275
241
276
242
277
243
278
244
279
245
280
246
281
247
282
248
283
249
284
250
285
251
286
287
253
288
254
289
255
290
256
291
257
292
258
293
259
294
260
295
261
296
262
297
263
298
264
299
265
300
266
301
267
302
268
303
269
304
270
305
271
306
272
307
273
308
274
309
275
310
276
311
277
312
278
313
279
314
280
315
281
316
282
317
283
318
284
319
285
320
286
321
287
322
323
289
324
290
325
291
326
292
327
293
328
294
329
295
330
296
331
297
332
298
333
299
334
300
335
301
336
302
337
303
338
304
339
305
340
306
341
307
342
308
343
309
344
310
345
311
346
312
347
313
348
314
349
315
350
316
351
317
352
318
353
319
354
320
355
321
356
322
357
323
358
359
325
360
326
361
327
362
328
363
329
364
330
365
331
366
332
367
333
368
334
369
335
370
336
371
337
372
338
373
339
374
340
375
341
376
342
377
343
378
344
379
345
380
346
381
347
382
348
383
349
384
350
385
351
386
352
387
353
388
354
389
355
390
356
391
357
392
358
393
359
394
395
361
396
362
397
363
398
364
399
365
400
366
401
367
402
368
403
369
404
370
405
371
406
372
407
373
408
374
409
375
410
376
411
377
412
378
413
379
414
380
415
381
416
382
417
383
418
384
419
385
420
386
421
387
422
388
423
389
424
390
425
391
426
392
427
393
428
394
429
395
430
431
397
432
398
433
399
434
400
435
401
436
402
437
403
438
404
439
405
440
406
441
407
442
408
443
409
444
410
445
411
446
412
447
413
448
414
449
415
450
416
451
417
452
418
453
419
454
420
455
421
456
422
457
423
458
424
459
425
460
426
461
427
462
428
463
429
464
430
465
431
466
467
433
468
434
469
435
470
436
471
437
472
438
473
439
474
440
475
441
476
442
477
443
478
444
479
445
480
446
481
447
482
448
483
449
484
450
485
451
486
452
487
453
488
454
489
455
490
456
491
457
492
458
493
459
494
460
495
461
496
462
497
463
498
464
499
465
500
466
501
467
502
503
469
504
470
505
471
506
472
507
473
508
474
509
475
510
476
511
477
512
478
513
479
514
480
515
481
516
482
517
483
518
484
519
485
520
486
521
487
522
488
523
489
524
490
525
491
526
492
527
493
528
494
529
495
530
496
531
497
532
498
533
499
534
500
535
501
536
502
537
503
538
539
505
540
506
541
507
542
508
543
509
544
510
545
511
546
512
547
513
548
514
549
515
550
516
551
517
552
518
553
519
554
520
555
521
556
522
557
523
558
524
559
525
560
526
561
527
562
528
563
529
564
530
565
531
566
532
567
533
568
534
569
535
570
536
571
537
572
538
573
539
574
575
541
576
542
577
543
578
544
579
545
580
546
581
547
582
548
583
549
584
550
585
551
586
552
587
553
588
554
589
555
590
556
591
557
592
558
593
559
594
560
595
561
596
562
597
563
598
564
599
565
600
566
601
567
602
568
603
569
604
570
605
571
606
572
607
573
608
574
609
575
610
611
577
612
578
613
579
614
580
615
581
616
582
617
583
618
584
619
585
620
586
621
587
622
588
623
589
624
590
625
591
626
592
627
593
628
594
629
595
630
596
631
597
632
598
633
599
634
600
635
601
636
602
637
603
638
604
639
605
640
606
641
607
642
608
643
609
644
610
645
611
646
647
613
648
614
649
615
650
616
651
617
652
618
653
619
654
620
655
621
656
622
657
623
658
624
659
625
660
626
661
627
662
628
663
629
664
630
665
631
666
632
667
633
668
634
669
635
670
636
671
637
672
638
673
639
674
640
675
641
676
642
677
643
678
644
679
645
680
646
681
647
682
683
649
684
650
685
651
686
652
687
653
688
654
689
655
690
656
691
657
692
658
693
659
694
660
695
661
696
662
697
663
698
664
699
665
700
666
701
667
702
668
703
669
704
670
705
671
706
672
707
673
708
674
709
675
710
676
711
677
712
678
713
679
714
680
715
681
716
682
717
683
718
719
685
720
686
721
687
722
688
723
689
724
690
725
691
726
692
727
693
728
694
729
695
730
696
731
697
732
698
733
699
734
700
735
701
736
702
737
703
738
704
739
705
740
706
741
707
742
708
743
709
744
710
745
711
746
712
747
713
748
714
749
715
750
716
751
717
752
718
753
719
754
755
721
756
722
757
723
758
724
759
725
760
726
761
727
762
728
763
729
764
730
765
731
766
732
767
733
768
734
769
735
770
736
771
737
772
738
773
739
774
740
775
741
776
742
777
743
778
744
779
745
780
746
781
747
782
748
783
749
784
750
785
751
786
752
787
753
788
754
789
755
790
791
757
792
758
793
759
794
760
795
761
796
762
797
763
798
764
799
765
800
766
801
767
802
768
803
769
804
770
805
771
806
772
807
773
808
774
809
775
810
776
811
777
812
778
813
779
814
780
815
781
816
782
817
783
818
784
819
785
820
786
821
787
822
788
823
789
824
790
825
791
826
827
793
828
794
829
795
830
796
831
797
832
798
833
799
834
800
835
801
836
802
837
803
838
804
839
805
840
806
841
807
842
808
843
809
844
810
845
811
846
812
847
813
848
814
849
815
850
816
851
817
852
818
853
819
854
820
855
821
856
822
857
823
858
824
859
825
860
826
861
827
862
863
829
864
830
865
831
866
832
867
833
868
834
869
835
870
836
871
837
872
838
873
839
874
840
875
841
876
842
877
843
878
844
879
845
880
846
881
847
882
848
883
849
884
850
885
851
886
852
887
853
888
854
889
855
890
856
891
857
892
858
893
859
894
860
895
861
896
862
897
863
898
899
865
900
866
901
867
902
868
903
869
904
870
905
871
906
872
907
873
908
874
909
875
910
876
911
877
912
878
913
879
914
880
915
881
916
882
917
883
918
884
919
885
920
886
921
887
922
888
923
889
924
890
925
891
926
892
927
893
928
894
929
895
930
896
931
897
932
898
933
899
934
935
901
936
902
937
903
938
904
939
905
940
906
941
907
942
908
943
909
944
910
945
911
946
912
947
913
948
914
949
915
950
916
951
917
952
918
953
919
954
920
955
921
956
922
957
923
958
924
959
925
960
926
961
927
962
928
963
929
964
930
965
931
966
932
967
933
968
934
969
935
970
971
937
972
938
973
939
974
940
975
941
976
942
977
943
978
944
979
945
980
946
981
947
982
948
983
949
984
950
985
951
986
952
987
953
988
954
989
955
990
956
991
957
992
958
993
959
994
960
995
961
996
962
997
963
998
964
999
965
1000
966
1001
967
1002
968
1003
969
1004
970
1005
971
1006
1007
973
1008
974
1009
975
1010
976
1011
977
1012
978
1013
979
1014
980
1015
981
1016
982
1017
983
1018
984
1019
985
1020
986
1021
987
1022
988
1023
989
1024
990
1025
991
1026
992
1027
993
1028
994
1029
995
1030
996
1031
997
1032
998
1033
999
1034
1000
1035
1001
1036
1002
1037
1003
1038
1004
1039
1005
1040
1006
1041
1007
1042
1043
1009
1044
1010
1045
1011
1046
1012
1047
1013
1048
1014
1049
1015
1050
1016
1051
1017
1052
1018
1053
1019
1054
1020
1055
1021
1056
1022
1057
1023
1058
1024
1059
1025
1060
1026
1061
1027
1062
1028
1063
1029
1064
1030
1065
1031
1066
1032
1067
1033
1068
1034
1069
1035
1070
1036
1071
1037
1072
1038
1073
1039
1074
1040
1075
1041
1076
1042
1077
1043
1078
1079
1045
1080
1046
1081
1047
1082
1048
1083
1049
1084
1050
1085
1051
1086
1052
1087
1053
1088
1054
1089
1055
1090
1056
1091
1057
1092
1058
1093
1059
1094
1060
1095
1061
1096
1062
1097
1063
1098
1064
1099
1065
1100
1066
1101
1067
1102
1068
1103
1069
1104
1070
1105
1071
1106
1072
1107
1073
1108
1074
1109
1075
1110
1076
1111
1077
1112
1078
1113
1079
1114
1115
1081
1116
1082
1117
1083
1118
1084
1119
1085
1120
1086
1121
1087
1122
1088
1123
1089
1124
1090
1125
1091
1126
1092
1127
1093
1128
1094
1129
1095
1130
1096
1131
1097
1132
1098
1133
1099
1134
1100
1135
1101
1136
1102
1137
1103
1138
1104
1139
1105
1140
1106
1141
1107
1142
1108
1143
1109
1144
1110
1145
1111
1146
1112
1147
1113
1148
1114
1149
1115
1150
1151
1117
1152
1118
1153
1119
1154
1120
1155
1121
1156
1122
1157
1123
1158
1124
1159
1125
1160
1126
1161
1127
1162
1128
1163
1129
1164
1130
1165
1131
1166
1132
1167
1133
1168
1134
1169
1135
1170
1136
1171
1137
1172
1138
1173
1139
1174
1140
1175
1141
1176
1142
1177
1143
1178
1144
1179
1145
1180
1146
1181
1147
1182
1148
1183
1149
1184
1150
1185
1151
1186
1187
1153
1188
1154
1189
1155
1190
1156
1191
1157
1192
1158
1193
1159
1194
1160
1195
1161
1196
1162
1197
1163
1198
1164
1199
1165
1200
1166
1201
1167
1202
1168
1203
1169
1204
1170
1205
1171
1206
1172
1207
1173
1208
1174
1209
1175
1210
1176
1211
1177
1212
1178
1213
1179
1214
1180
1215
1181
1216
1182
1217
1183
1218
1184
1219
1185
1220
1186
1221
1187
1222
1223
1189
1224
1190
1225
1191
1226
1192
1227
1193
1228
1194
1229
1195
1230
1196
1231
1197
1232
1198
1233
1199
1234
1200
1235
1201
1236
1202
1237
1203
1238
1204
1239
1205
1240
1206
1241
1207
1242
1208
1243
1209
1244
1210
1245
1211
1246
1212
1247
1213
1248
1214
1249
1215
1250
1216
1251
1217
1252
1218
1253
1219
1254
1220
1255
1221
1256
1222
1257
1223
1258
1259
1225
1260
1226
1261
1227
1262
1228
1263
1229
1264
1230
1265
1231
1266
1232
1267
1233
1268
1234
1269
1235
1270
1236
1271
1237
1272
1238
1273
1239
1274
1240
1275
1241
1276
1242
1277
1243
1278
1244
1279
1245
1280
1246
1281
1247
1282
1248
1283
1249
1284
1250
1285
1251
1286
1252
1287
1253
1288
1254
1289
1255
1290
1256
1291
1257
1292
1258
1293
1259
1294
1295
1261
1296
1262
1297
1263
1298
1264
1299
1265
1300
1266
1301
1267
1302
1268
1303
1269
1304
1270
1305
1271
1306
1272
1307
1273
1308
1274
1309
1275
1310
1276
1311
1277
1312
1278
1313
1279
1314
1280
1315
1281
1316
1282
1317
1283
1318
1284
1319
1285
1320
1286
1321
1287
1322
1288
1323
1289
1324
1290
1325
1291
1326
1292
1327
1293
1328
1294
1329
1295
1330
1331
1297
1332
1298
1333
1299
1334
1300
1335
1301
1336
1302
1337
1303
1338
1304
1339
1305
1340
1306
1341
1307
1342
1308
1343
1309
1344
1310
1345
1311
1346
1312
1347
1313
1348
1314
1349
1315
1350
1316
1351
1317
1352
1318
1353
1319
1354
1320
1355
1321
1356
1322
1357
1323
1358
1324
1359
1325
1360
1326
1361
1327
1362
1328
1363
1329
1364
1330
1365
1331
1366
1367
1333
1368
1334
1369
1335
1370
1336
1371
1337
1372
1338
1373
1339
1374
1340
1375
1341
1376
1342
1377
1343
1378
1344
1379
1345
1380
1346
1381
1347
1382
1348
1383
1349
1384
1350
1385
1351
1386
1352
1387
1353
1388
1354
1389
1355
1390
1356
1391
1357
1392
1358
1393
1359
1394
1360
1395
1361
1396
1362
1397
1363
1398
1364
1399
1365
1400
1366
1401
1367
1402
1403
1369
1404
1370
1405
1371
1406
1372
1407
1373
1408
1374
1409
1375
1410
1376
1411
1377
1412
1378
1413
1379
1414
1380
1415
1381
1416
1382
1417
1383
1418
1384
1419
1385
1420
1386
1421
1387
1422
1388
1423
1389
1424
1390
1425
1391
1426
1392
1427
1393
1428
1394
1429
1395
1430
1396
1431
1397
1432
1398
1433
1399
1434
1400
1435
1401
1436
1402
1437
1403
1438
1439
1405
1440
1406
1441
1407
1442
1408
1443
1409
1444
1410
1445
1411
1446
1412
1447
1413
1448
1414
1449
1415
1450
1416
1451
1417
1452
1418
1453
1419
1454
1420
1455
1421
1456
1422
1457
1423
1458
1424
1459
1425
1460
1426
1461
1427
1462
1428
1463
1429
1464
1430
1465
1431
1466
1432
1467
1433
1468
1434
1469
1435
1470
1436
1471
1437
1472
1438
1473
1439
1474
1475
1441
1476
1442
1477
1443
1478
1444
1479
1445
1480
1446
1481
1447
1482
1448
1483
1449
1484
1450
1485
1451
1486
1452
1487
1453
1488
1454
1489
1455
1490
1456
1491
1457
1492
1458
1493
1459
1494
1460
1495
1461
1496
1462
1497
1463
1498
1464
1499
1465
1500
1466
1501
1467
1502
1468
1503
1469
1504
1470
1505
1471
1506
1472
1507
1473
1508
1474
1509
1475
1510
1511
1477
1512
1478
1513
1479
1514
1480
1515
1481
1516
1482
1517
1483
1518
1484
1519
1485
1520
1486
1521
1487
1522
1488
1523
1489
1524
1490
1525
1491
1526
1492
1527
1493
1528
1494
1529
1495
1530
1496
1531
1497
1532
1498
1533
1499
1534
1500
1535
1501
1536
1502
1537
1503
1538
1504
1539
1505
1540
1506
1541
1507
1542
1508
1543
1509
1544
1510
1545
1511
1546
1547
1513
1548
1514
1549
1515
1550
1516
1551
1517
1552
1518
1553
1519
1554
1520
1555
1521
1556
1522
1557
1523
1558
1524
1559
1525
1560
1526
1561
1527
1562
1528
1563
1529
1564
1530
1565
1531
1566
1532
1567
1533
1568
1534
1569
1535
1570
1536
1571
1537
1572
1538
1573
1539
1574
1540
1575
1541
1576
1542
1577
1543
1578
1544
1579
1545
1580
1546
1581
1547
1582
1583
1549
1584
1550
1585
1551
1586
1552
1587
1553
1588
1554
1589
1555
1590
1556
1591
1557
1592
1558
1593
1559
1594
1560
1595
1561
1596
1562
1597
1563
1598
1564
1599
1565
1600
1566
1601
1567
1602
1568
1603
1569
1604
1570
1605
1571
1606
1572
1607
1573
1608
1574
1609
1575
1610
1576
1611
1577
1612
1578
1613
1579
1614
1580
1615
1581
1616
1582
1617
1583
1618
1619
1585
1620
1586
1621
1587
1622
1588
1623
1589
1624
1590
1625
1591
1626
1592
1627
1593
1628
1594
1629
1595
1630
1596
1631
1597
1632
1598
1633
1599
1634
1600
1635
1601
1636
1602
1637
1603
1638
1604
1639
1605
1640
1606
1641
1607
1642
1608
1643
1609
1644
1610
1645
1611
1646
1612
1647
1613
1648
1614
1649
1615
1650
1616
1651
1617
1652
1618
1653
1619
1654
1655
1621
1656
1622
1657
1623
1658
1624
1659
1625
1660
1626
1661
1627
1662
1628
1663
1629
1664
1630
1665
1631
1666
1632
1667
1633
1668
1634
1669
1635
1670
1636
1671
1637
1672
1638
1673
1639
1674
1640
1675
1641
1676
1642
1677
1643
1678
1644
1679
1645
1680
1646
1681
1647
1682
1648
1683
1649
1684
1650
1685
1651
1686
1652
1687
1653
1688
1654
1689
1655
1690
1691
1657
1692
1658
1693
1659
1694
1660
1695
1661
1696
1662
1697
1663
1698
1664
1699
1665
1700
1666
1701
1667
1702
1668
1703
1669
1704
1670
1705
1671
1706
1672
1707
1673
1708
1674
1709
1675
1710
1676
1711
1677
1712
1678
1713
1679
1714
1680
1715
1681
1716
1682
1717
1683
1718
1684
1719
1685
1720
1686
1721
1687
1722
1688
1723
1689
1724
1690
1725
1691
1726
1727
1693
1728
1694
1729
1695
1730
1696
1731
1697
1732
1698
1733
1699
1734
1700
1735
1701
1736
1702
1737
1703
1738
1704
1739
1705
1740
1706
1741
1707
1742
1708
1743
1709
1744
1710
1745
1711
1746
1712
1747
1713
1748
1714
1749
1715
1750
1716
1751
1717
1752
1718
1753
1719
1754
1720
1755
1721
1756
1722
1757
1723
1758
1724
1759
1725
1760
1726
1761
1727
1762
1763
1729
1764
1730
1765
1731
1766
1732
1767
1733
1768
1734
1769
1735
1770
1736
1771
1737
1772
1738
1773
1739
1774
1740
1775
1741
1776
1742
1777
1743
1778
1744
1779
1745
1780
1746
1781
1747
1782
1748
1783
1749
1784
1750
1785
1751
1786
1752
1787
1753
1788
1754
1789
1755
1790
1756
1791
1757
1792
1758
1793
1759
1794
1760
1795
1761
1796
1762
1797
1763
1798
1799
1765
1800
1766
1801
1767
1802
1768
1803
1769
1804
1770
1805
1771
1806
1772
1807
1773
1808
1774
1809
1775
1810
1776
1811
1777
1812
1778
1813
1779
1814
1780
1815
1781
1816
1782
1817
1783
1818
1784
1819
1785
1820
1786
1821
1787
1822
1788
1823
1789
1824
1790
1825
1791
1826
1792
1827
1793
1828
1794
1829
1795
1830
1796
1831
1797
1832
1798
1833
1799
1834
1835
1801
1836
1802
1837
1803
1838
1804
1839
1805
1840
1806
1841
1807
1842
1808
1843
1809
1844
1810
1845
1811
1846
1812
1847
1813
1848
1814
1849
1815
1850
1816
1851
1817
1852
1818
1853
1819
1854
1820
1855
1821
1856
1822
1857
1823
1858
1824
1859
1825
1860
1826
1861
1827
1862
1828
1863
1829
1864
1830
1865
1831
1866
1832
1867
1833
1868
1834
1869
1835
1870
1871
1837
1872
1838
1873
1839
1874
1840
1875
1841
1876
1842
1877
1843
1878
1844
1879
1845
1880
1846
1881
1847
1882
1848
1883
1849
1884
1850
1885
1851
1886
1852
1887
1853
1888
1854
1889
1855
1890
1856
1891
1857
1892
1858
1893
1859
1894
1860
1895
1861
1896
1862
1897
1863
1898
1864
1899
1865
1900
1866
1901
1867
1902
1868
1903
1869
1904
1870
1905
1871
1906
1907
1873
1908
1874
1909
1875
1910
1876
1911
1877
1912
1878
1913
1879
1914
1880
1915
1881
1916
1882
1917
1883
1918
1884
1919
1885
1920
1886
1921
1887
1922
1888
1923
1889
1924
1890
1925
1891
1926
1892
1927
1893
1928
1894
1929
1895
1930
1896
1931
1897
1932
1898
1933
1899
1934
1900
1935
1901
1936
1902
1937
1903
1938
1904
1939
1905
1940
1906
1941
1907
1942
1943
1909
1944
1910
1945
1911
1946
1912
1947
1913
1948
1914
1949
1915
1950
1916
1951
1917
1952
1918
1953
1919
1954
1920
1955
1921
1956
1922
1957
1923
1958
1924
1959
1925
1960
1926
1961
1927
1962
1928
1963
1929
1964
1930
1965
1931
1966
1932
1967
1933
1968
1934
1969
1935
1970
1936
1971
1937
1972
1938
1973
1939
1974
1940
1975
1941
1976
1942
1977
1943
1978
1979
1945
1980
1946
1981
1947
1982
1948
1983
1949
1984
1950
1985
1951
1986
1952
1987
1953
1988
1954
1989
1955
1990
1956
1991
1957
1992
1958
1993
1959
1994
1960
1995
1961
1996
1962
1997
1963
1998
1964
1999
1965
2000
1966
2001
1967
2002
1968
2003
1969
2004
1970
2005
1971
2006
1972
2007
1973
2008
1974
2009
1975
2010
1976
2011
1977
2012
1978
2013
1979
2014
2015
1981
2016
1982
2017
1983
2018
1984
2019
1985
2020
1986
2021
1987
2022
1988
2023
1989
2024
1990
2025
1991
2026
1992
2027
1993
2028
1994
2029
1995
2030
1996
2031
1997
2032
1998
2033
1999
2034
2000
2035
2001
2036
2002
2037
2003
2038
2004
2039
2005
2040
2006
2041
2007
2042
2008
2043
2009
2044
2010
2045
2011
2046
2012
2047
2013
2048
2014
2049
2015
2050
2051
2017
2052
2018
2053
2019
2054
2020
2055
2021
2056
2022
2057
2023
2058
2024
2059
2025
2060
2026
2061
2027
2062
2028
2063
2029
2064
2030
2065
2031
2066
2032
2067
2033
2068
2034
2069
2035
2070
2036
2071
2037
2072
2038
2073
2039
2074
2040
2075
2041
2076
2042
2077
2043
2078
2044
2079
2045
2080
2046
2081
2047
2082
2048
2083
2049
2084
2050
2085
2051
2086
2087
2053
2088
2054
2089
2055
2090
2056
2091
2057
2092
2058
2093
2059
2094
2060
2095
2061
2096
2062
2097
2063
2098
2064
2099
2065
2100
2066
2101
2067
2102
2068
2103
2069
2104
2070
2105
2071
2106
2072
2107
2073
2108
2074
2109
2075
2110
2076
2111
2077
2112
2078
2113
2079
2114
2080
2115
2081
2116
2082
2117
2083
2118
2084
2119
2085
2120
2086
2121
2087
2122
2123
2089
2124
2090
2125
2091
2126
2092
2127
2093
2128
2094
2129
2095
2130
2096
2131
2097
2132
2098
2133
2099
2134
2100
2135
2101
2136
2102
2137
2103
2138
2104
2139
2105
2140
2106
2141
2107
2142
2108
2143
2109
2144
2110
2145
2111
2146
2112
2147
2113
2148
2114
2149
2115
2150
2116
2151
2117
2152
2118
2153
2119
2154
2120
2155
2121
2156
2122
2157
2123
2158
2159
2125
2160
2126
2161
2127
2162
2128
2163
2129
2164
2130
2165
2131
2166
2132
2167
2133
2168
2134
2169
2135
2170
2136
2171
2137
2172
2138
2173
2139
2174
2140
2175
2141
2176
2142
2177
2143
2178
2144
2179
2145
2180
2146
2181
2147
2182
2148
2183
2149
2184
2150
2185
2151
2186
2152
2187
2153
2188
2154
2189
2155
2190
2156
2191
2157
2192
2158
2193
2159
2194
2195
2161
2196
2162
2197
2163
2198
2164
2199
2165
2200
2166
2201
2167
2202
2168
2203
2169
2204
2170
2205
2171
2206
2172
2207
2173
2208
2174
2209
2175
2210
2176
2211
2177
2212
2178
2213
2179
2214
2180
2215
2181
2216
2182
2217
2183
2218
2184
2219
2185
2220
2186
2221
2187
2222
2188
2223
2189
2224
2190
2225
2191
2226
2192
2227
2193
2228
2194
2229
2195
2230
2231
2197
2232
2198
2233
2199
2234
2200
2235
2201
2236
2202
2237
2203
2238
2204
2239
2205
2240
2206
2241
2207
2242
2208
2243
2209
2244
2210
2245
2211
2246
2212
2247
2213
2248
2214
2249
2215
2250
2216
2251
2217
2252
2218
2253
2219
2254
2220
2255
2221
2256
2222
2257
2223
2258
2224
2259
2225
2260
2226
2261
2227
2262
2228
2263
2229
2264
2230
2265
2231
2266
2267
2233
2268
2234
2269
2235
2270
2236
2271
2237
2272
2238
2273
2239
2274
2240
2275
2241
2276
2242
2277
2243
2278
2244
2279
2245
2280
2246
2281
2247
2282
2248
2283
2249
2284
2250
2285
2251
2286
2252
2287
2253
2288
2254
2289
2255
2290
2256
2291
2257
2292
2258
2293
2259
2294
2260
2295
2261
2296
2262
2297
2263
2298
2264
2299
2265
2300
2266
2301
2267
2302
2303
2269
2304
2270
2305
2271
2306
2272
2307
2273
2308
2274
2309
2275
2310
2276
2311
2277
2312
2278
2313
2279
2314
2280
2315
2281
2316
2282
2317
2283
2318
2284
2319
2285
2320
2286
2321
2287
2322
2288
2323
2289
2324
2290
2325
2291
2326
2292
2327
2293
2328
2294
2329
2295
2330
2296
2331
2297
2332
2298
2333
2299
2334
2300
2335
2301
2336
2302
2337
2303
2338
2339
2305
2340
2306
2341
2307
2342
2308
2343
2309
2344
2310
2345
2311
2346
2312
2347
2313
2348
2314
2349
2315
2350
2316
2351
2317
2352
2318
2353
2319
2354
2320
2355
2321
2356
2322
2357
2323
2358
2324
2359
2325
2360
2326
2361
2327
2362
2328
2363
2329
2364
2330
2365
2331
2366
2332
2367
2333
2368
2334
2369
2335
2370
2336
2371
2337
2372
2338
2373
2339
2374
2375
2341
2376
2342
2377
2343
2378
2344
2379
2345
2380
2346
2381
2347
2382
2348
2383
2349
2384
2350
2385
2351
2386
2352
2387
2353
2388
2354
2389
2355
2390
2356
2391
2357
2392
2358
2393
2359
2394
2360
2395
2361
2396
2362
2397
2363
2398
2364
2399
2365
2400
2366
2401
2367
2402
2368
2403
2369
2404
2370
2405
2371
2406
2372
2407
2373
2408
2374
2409
2375
2410
2411
2377
2412
2378
2413
2379
2414
2380
2415
2381
2416
2382
2417
2383
2418
2384
2419
2385
2420
2386
2421
2387
2422
2388
2423
2389
2424
2390
2425
2391
2426
2392
2427
2393
2428
2394
2429
2395
2430
2396
2431
2397
2432
2398
2433
2399
2434
2400
2435
2401
2436
2402
2437
2403
2438
2404
2439
2405
2440
2406
2441
2407
2442
2408
2443
2409
2444
2410
2445
2411
2446
2447
2413
2448
2414
2449
2415
2450
2416
2451
2417
2452
2418
2453
2419
2454
2420
2455
2421
2456
2422
2457
2423
2458
2424
2459
2425
2460
2426
2461
2427
2462
2428
2463
2429
2464
2430
2465
2431
2466
2432
2467
2433
2468
2434
2469
2435
2470
2436
2471
2437
2472
2438
2473
2439
2474
2440
2475
2441
2476
2442
2477
2443
2478
2444
2479
2445
2480
2446
2481
2447
2482
2483
2449
2484
2450
2485
2451
2486
2452
2487
2453
2488
2454
2489
2455
2490
2456
2491
2457
2492
2458
2493
2459
2494
2460
2495
2461
2496
2462
2497
2463
2498
2464
2499
2465
2500
2466
2501
2467
2502
2468
2503
2469
2504
2470
2505
2471
2506
2472
2507
2473
2508
2474
2509
2475
2510
2476
2511
2477
2512
2478
2513
2479
2514
2480
2515
2481
2516
2482
2517
2483
2518
2519
2485
2520
2486
2521
2487
2522
2488
2523
2489
2524
2490
2525
2491
2526
2492
2527
2493
2528
2494
2529
2495
2530
2496
2531
2497
2532
2498
2533
2499
2534
2500
2535
2501
2536
2502
2537
2503
2538
2504
2539
2505
2540
2506
2541
2507
2542
2508
2543
2509
2544
2510
2545
2511
2546
2512
2547
2513
2548
2514
2549
2515
2550
2516
2551
2517
2552
2518
2553
2519
2554
2555
2521
2556
2522
2557
2523
2558
2524
2559
2525
2560
2526
2561
2527
2562
2528
2563
2529
2564
2530
2565
2531
2566
2532
2567
2533
2568
2534
2569
2535
2570
2536
2571
2537
2572
2538
2573
2539
2574
2540
2575
2541
2576
2542
2577
2543
2578
2544
2579
2545
2580
2546
2581
2547
2582
2548
2583
2549
2584
2550
2585
2551
2586
2552
2587
2553
2588
2554
2589
2555
2590
2591
2557
2592
2558
2593
2559
2594
2560
2595
2561
2596
2562
2597
2563
2598
2564
2599
2565
2600
2566
2601
2567
2602
2568
2603
2569
2604
2570
2605
2571
2606
2572
2607
2573
2608
2574
2609
2575
2610
2576
2611
2577
2612
2578
2613
2579
2614
2580
2615
2581
2616
2582
2617
2583
2618
2584
2619
2585
2620
2586
2621
2587
2622
2588
2623
2589
2624
2590
2625
2591
2626
2627
2593
2628
2594
2629
2595
2630
2596
2631
2597
2632
2598
2633
2599
2634
2600
2635
2601
2636
2602
2637
2603
2638
2604
2639
2605
2640
2606
2641
2607
2642
2608
2643
2609
2644
2610
2645
2611
2646
2612
2647
2613
2648
2614
2649
2615
2650
2616
2651
2617
2652
2618
2653
2619
2654
2620
2655
2621
2656
2622
2657
2623
2658
2624
2659
2625
2660
2626
2661
2627
2662
2663
2629
2664
2630
2665
2631
2666
2632
2667
2633
2668
2634
2669
2635
2670
2636
2671
2637
2672
2638
2673
2639
2674
2640
2675
2641
2676
2642
2677
2643
2678
2644
2679
2645
2680
2646
2681
2647
2682
2648
2683
2649
2684
2650
2685
2651
2686
2652
2687
2653
2688
2654
2689
2655
2690
2656
2691
2657
2692
2658
2693
2659
2694
2660
2695
2661
2696
2662
2697
2663
2698
2699
2665
2700
2666
2701
2667
2702
2668
2703
2669
2704
2670
2705
2671
2706
2672
2707
2673
2708
2674
2709
2675
2710
2676
2711
2677
2712
2678
2713
2679
2714
2680
2715
2681
2716
2682
2717
2683
2718
2684
2719
2685
2720
2686
2721
2687
2722
2688
2723
2689
2724
2690
2725
2691
2726
2692
2727
2693
2728
2694
2729
2695
2730
2696
2731
2697
2732
2698
2733
2699
2734
2735
2701
2736
2702
2737
2703
2738
2704
2739
2705
2740
2706
2741
2707
2742
2708
2743
2709
2744
2710
2745
2711
2746
2712
2747
2713
2748
2714
2749
2715
2750
2716
2751
2717
2752
2718
2753
2719
2754
2720
2755
2721
2756
2722
2757
2723
2758
2724
2759
2725
2760
2726
2761
2727
2762
2728
2763
2729
2764
2730
2765
2731
2766
2732
2767
2733
2768
2734
2769
2735
2770
2771
2737
2772
2738
2773
2739
2774
2740
2775
2741
2776
2742
2777
2743
2778
2744
2779
2745
2780
2746
2781
2747
2782
2748
2783
2749
2784
2750
2785
2751
2786
2752
2787
2753
2788
2754
2789
2755
2790
2756
2791
2757
2792
2758
2793
2759
2794
2760
2795
2761
2796
2762
2797
2763
2798
2764
2799
2765
2800
2766
2801
2767
2802
2768
2803
2769
2804
2770
2805
2771
2806
2807
2773
2808
2774
2809
2775
2810
2776
2811
2777
2812
2778
2813
2779
2814
2780
2815
2781
2816
2782
2817
2783
2818
2784
2819
2785
2820
2786
2821
2787
2822
2788
2823
2789
2824
2790
2825
2791
2826
2792
2827
2793
2828
2794
2829
2795
2830
2796
2831
2797
2832
2798
2833
2799
2834
2800
2835
2801
2836
2802
2837
2803
2838
2804
2839
2805
2840
2806
2841
2807
2842
2843
2809
2844
2810
2845
2811
2846
2812
2847
2813
2848
2814
2849
2815
2850
2816
2851
2817
2852
2818
2853
2819
2854
2820
2855
2821
2856
2822
2857
2823
2858
2824
2859
2825
2860
2826
2861
2827
2862
2828
2863
2829
2864
2830
2865
2831
2866
2832
2867
2833
2868
2834
2869
2835
2870
2836
2871
2837
2872
2838
2873
2839
2874
2840
2875
2841
2876
2842
2877
2843
2878
2879
2845
2880
2846
2881
2847
2882
2848
2883
2849
2884
2850
2885
2851
2886
2852
2887
2853
2888
2854
2889
2855
2890
2856
2891
2857
2892
2858
2893
2859
2894
2860
2895
2861
2896
2862
2897
2863
2898
2864
2899
2865
2900
2866
2901
2867
2902
2868
2903
2869
2904
2870
2905
2871
2906
2872
2907
2873
2908
2874
2909
2875
2910
2876
2911
2877
2912
2878
2913
2879
2914
2915
2881
2916
2882
2917
2883
2918
2884
2919
2885
2920
2886
2921
2887
2922
2888
2923
2889
2924
2890
2925
2891
2926
2892
2927
2893
2928
2894
2929
2895
2930
2896
2931
2897
2932
2898
2933
2899
2934
2900
2935
2901
2936
2902
2937
2903
2938
2904
2939
2905
2940
2906
2941
2907
2942
2908
2943
2909
2944
2910
2945
2911
2946
2912
2947
2913
2948
2914
2949
2915
2950
2951
2917
2952
2918
2953
2919
2954
2920
2955
2921
2956
2922
2957
2923
2958
2924
2959
2925
2960
2926
2961
2927
2962
2928
2963
2929
2964
2930
2965
2931
2966
2932
2967
2933
2968
2934
2969
2935
2970
2936
2971
2937
2972
2938
2973
2939
2974
2940
2975
2941
2976
2942
2977
2943
2978
2944
2979
2945
2980
2946
2981
2947
2982
2948
2983
2949
2984
2950
2985
2951
2986
2987
2953
2988
2954
2989
2955
2990
2956
2991
2957
2992
2958
2993
2959
2994
2960
2995
2961
2996
2962
2997
2963
2998
2964
2999
2965
3000
2966
3001
2967
3002
2968
3003
2969
3004
2970
3005
2971
3006
2972
3007
2973
3008
2974
3009
2975
3010
2976
3011
2977
3012
2978
3013
2979
3014
2980
3015
2981
3016
2982
3017
2983
3018
2984
3019
2985
3020
2986
3021
2987
3022
3023
2989
3024
2990
3025
2991
3026
2992
3027
2993
3028
2994
3029
2995
3030
2996
3031
2997
3032
2998
3033
2999
3034
3000
3035
3001
3036
3002
3037
3003
3038
3004
3039
3005
3040
3006
3041
3007
3042
3008
3043
3009
3044
3010
3045
3011
3046
3012
3047
3013
3048
3014
3049
3015
3050
3016
3051
3017
3052
3018
3053
3019
3054
3020
3055
3021
3056
3022
3057
3023
3058
3059
3025
3060
3026
3061
3027
3062
3028
3063
3029
3064
3030
3065
3031
3066
3032
3067
3033
3068
3034
3069
3035
3070
3036
3071
3037
3072
3038
3073
3039
3074
3040
3075
3041
3076
3042
3077
3043
3078
3044
3079
3045
3080
3046
3081
3047
3082
3048
3083
3049
3084
3050
3085
3051
3086
3052
3087
3053
3088
3054
3089
3055
3090
3056
3091
3057
3092
3058
3093
3059
3094
3095
3061
3096
3062
3097
3063
3098
3064
3099
3065
3100
3066
3101
3067
3102
3068
3103
3069
3104
3070
3105
3071
3106
3072
3107
3073
3108
3074
3109
3075
3110
3076
3111
3077
3112
3078
3113
3079
3114
3080
3115
3081
3116
3082
3117
3083
3118
3084
3119
3085
3120
3086
3121
3087
3122
3088
3123
3089
3124
3090
3125
3091
3126
3092
3127
3093
3128
3094
3129
3095
3130
3131
3097
3132
3098
3133
3099
3134
3100
3135
3101
3136
3102
3137
3103
3138
3104
3139
3105
3140
3106
3141
3107
3142
3108
3143
3109
3144
3110
3145
3111
3146
3112
3147
3113
3148
3114
3149
3115
3150
3116
3151
3117
3152
3118
3153
3119
3154
3120
3155
3121
3156
3122
3157
3123
3158
3124
3159
3125
3160
3126
3161
3127
3162
3128
3163
3129
3164
3130
3165
3131
3166
3167
3133
3168
3134
3169
3135
3170
3136
3171
3137
3172
3138
3173
3139
3174
3140
3175
3141
3176
3142
3177
3143
3178
3144
3179
3145
3180
3146
3181
3147
3182
3148
3183
3149
3184
3150
3185
3151
3186
3152
3187
3153
3188
3154
3189
3155
3190
3156
3191
3157
3192
3158
3193
3159
3194
3160
3195
3161
3196
3162
3197
3163
3198
3164
3199
3165
3200
3166
3201
3167
3202
3203
3169
3204
3170
3205
3171
3206
3172
3207
3173
3208
3174
3209
3175
3210
3176
3211
3177
3212
3178
3213
3179
3214
3180
3215
3181
3216
3182
3217
3183
3218
3184
3219
3185
3220
3186
3221
3187
3222
3188
3223
3189
3224
3190
3225
3191
3226
3192
3227
3193
3228
3194
3229
3195
3230
3196
3231
3197
3232
3198
3233
3199
3234
3200
3235
3201
3236
3202
3237
3203
3238
3239
3205
3240
3206
3241
3207
3242
3208
3243
3209
3244
3210
3245
3211
3246
3212
3247
3213
3248
3214
3249
3215
3250
3216
3251
3217
3252
3218
3253
3219
3254
3220
3255
3221
3256
3222
3257
3223
3258
3224
3259
3225
3260
3226
3261
3227
3262
3228
3263
3229
3264
3230
3265
3231
3266
3232
3267
3233
3268
3234
3269
3235
3270
3236
3271
3237
3272
3238
3273
3239
3274
3275
3241
3276
3242
3277
3243
3278
3244
3279
3245
3280
3246
3281
3247
3282
3248
3283
3249
3284
3250
3285
3251
3286
3252
3287
3253
3288
3254
3289
3255
3290
3256
3291
3257
3292
3258
3293
3259
3294
3260
3295
3261
3296
3262
3297
3263
3298
3264
3299
3265
3300
3266
3301
3267
3302
3268
3303
3269
3304
3270
3305
3271
3306
3272
3307
3273
3308
3274
3309
3275
3310
3311
3277
3312
3278
3313
3279
3314
3280
3315
3281
3316
3282
3317
3283
3318
3284
3319
3285
3320
3286
3321
3287
3322
3288
3323
3289
3324
3290
3325
3291
3326
3292
3327
3293
3328
3294
3329
3295
3330
3296
3331
3297
3332
3298
3333
3299
3334
3300
3335
3301
3336
3302
3337
3303
3338
3304
3339
3305
3340
3306
3341
3307
3342
3308
3343
3309
3344
3310
3345
3311
3346
3347
3313
3348
3314
3349
3315
3350
3316
3351
3317
3352
3318
3353
3319
3354
3320
3355
3321
3356
3322
3357
3323
3358
3324
3359
3325
3360
3326
3361
3327
3362
3328
3363
3329
3364
3330
3365
3331
3366
3332
3367
3333
3368
3334
3369
3335
3370
3336
3371
3337
3372
3338
3373
3339
3374
3340
3375
3341
3376
3342
3377
3343
3378
3344
3379
3345
3380
3346
3381
3347
3382
3383
3349
3384
3350
3385
3351
3386
3352
3387
3353
3388
3354
3389
3355
3390
3356
3391
3357
3392
3358
3393
3359
3394
3360
3395
3361
3396
3362
3397
3363
3398
3364
3399
3365
3400
3366
3401
3367
3402
3368
3403
3369
3404
3370
3405
3371
3406
3372
3407
3373
3408
3374
3409
3375
3410
3376
3411
3377
3412
3378
3413
3379
3414
3380
3415
3381
3416
3382
3417
3383
3418
3419
3385
3420
3386
3421
3387
3422
3388
3423
3389
3424
3390
3425
3391
3426
3392
3427
3393
3428
3394
3429
3395
3430
3396
3431
3397
3432
3398
3433
3399
3434
3400
3435
3401
3436
3402
3437
3403
3438
3404
3439
3405
3440
3406
3441
3407
3442
3408
3443
3409
3444
3410
3445
3411
3446
3412
3447
3413
3448
3414
3449
3415
3450
3416
3451
3417
3452
3418
3453
3419
3454
3455
3421
3456
3422
3457
3423
3458
3424
3459
3425
3460
3426
3461
3427
3462
3428
3463
3429
3464
3430
3465
3431
3466
3432
3467
3433
3468
3434
3469
3435
3470
3436
3471
3437
3472
3438
3473
3439
3474
3440
3475
3441
3476
3442
3477
3443
3478
3444
3479
3445
3480
3446
3481
3447
3482
3448
3483
3449
3484
3450
3485
3451
3486
3452
3487
3453
3488
3454
3489
3455
3490
3491
3457
3492
3458
3493
3459
3494
3460
3495
3461
3496
3462
3497
3463
3498
3464
3499
3465
3500
3466
3501
3467
3502
3468
3503
3469
3504
3470
3505
3471
3506
3472
3507
3473
3508
3474
3509
3475
3510
3476
3511
3477
3512
3478
3513
3479
3514
3480
3515
3481
3516
3482
3517
3483
3518
3484
3519
3485
3520
3486
3521
3487
3522
3488
3523
3489
3524
3490
3525
3491
3526
3527
3493
3528
3494
3529
3495
3530
3496
3531
3497
3532
3498
3533
3499
3534
3500
3535
3501
3536
3502
3537
3503
3538
3504
3539
3505
3540
3506
3541
3507
3542
3508
3543
3509
3544
3510
3545
3511
3546
3512
3547
3513
3548
3514
3549
3515
3550
3516
3551
3517
3552
3518
3553
3519
3554
3520
3555
3521
3556
3522
3557
3523
3558
3524
3559
3525
3560
3526
3561
3527
3562
3563
3529
3564
3530
3565
3531
3566
3532
3567
3533
3568
3534
3569
3535
3570
3536
3571
3537
3572
3538
3573
3539
3574
3540
3575
3541
3576
3542
3577
3543
3578
3544
3579
3545
3580
3546
3581
3547
3582
3548
3583
3549
3584
3550
3585
3551
3586
3552
3587
3553
3588
3554
3589
3555
3590
3556
3591
3557
3592
3558
3593
3559
3594
3560
3595
3561
3596
3562
3597
3563
3598
3599
3565
3600
3566
3601
3567
3602
3568
3603
3569
3604
3570
3605
3571
3606
3572
3607
3573
3608
3574
3609
3575
3610
3576
3611
3577
3612
3578
3613
3579
3614
3580
3615
3581
3616
3582
3617
3583
3618
3584
3619
3585
3620
3586
3621
3587
3622
3588
3623
3589
3624
3590
3625
3591
3626
3592
3627
3593
3628
3594
3629
3595
3630
3596
3631
3597
3632
3598
3633
3599
3634
3635
3601
3636
3602
3637
3603
3638
3604
3639
3605
3640
3606
3641
3607
3642
3608
3643
3609
3644
3610
3645
3611
3646
3612
3647
3613
3648
3614
3649
3615
3650
3616
3651
3617
3652
3618
3653
3619
3654
3620
3655
3621
3656
3622
3657
3623
3658
3624
3659
3625
3660
3626
3661
3627
3662
3628
3663
3629
3664
3630
3665
3631
3666
3632
3667
3633
3668
3634
3669
3635
3670
3671
3637
3672
3638
3673
3639
3674
3640
3675
3641
3676
3642
3677
3643
3678
3644
3679
3645
3680
3646
3681
3647
3682
3648
3683
3649
3684
3650
3685
3651
3686
3652
3687
3653
3688
3654
3689
3655
3690
3656
3691
3657
3692
3658
3693
3659
3694
3660
3695
3661
3696
3662
3697
3663
3698
3664
3699
3665
3700
3666
3701
3667
3702
3668
3703
3669
3704
3670
3705
3671
3706
3707
3673
3708
3674
3709
3675
3710
3676
3711
3677
3712
3678
3713
3679
3714
3680
3715
3681
3716
3682
3717
3683
3718
3684
3719
3685
3720
3686
3721
3687
3722
3688
3723
3689
3724
3690
3725
3691
3726
3692
3727
3693
3728
3694
3729
3695
3730
3696
3731
3697
3732
3698
3733
3699
3734
3700
3735
3701
3736
3702
3737
3703
3738
3704
3739
3705
3740
3706
3741
3707
3742
3743
3709
3744
3710
3745
3711
3746
3712
3747
3713
3748
3714
3749
3715
3750
3716
3751
3717
3752
3718
3753
3719
3754
3720
3755
3721
3756
3722
3757
3723
3758
3724
3759
3725
3760
3726
3761
3727
3762
3728
3763
3729
3764
3730
3765
3731
3766
3732
3767
3733
3768
3734
3769
3735
3770
3736
3771
3737
3772
3738
3773
3739
3774
3740
3775
3741
3776
3742
3777
3743
3778
3779
3745
3780
3746
3781
3747
3782
3748
3783
3749
3784
3750
3785
3751
3786
3752
3787
3753
3788
3754
3789
3755
3790
3756
3791
3757
3792
3758
3793
3759
3794
3760
3795
3761
3796
3762
3797
3763
3798
3764
3799
3765
3800
3766
3801
3767
3802
3768
3803
3769
3804
3770
3805
3771
3806
3772
3807
3773
3808
3774
3809
3775
3810
3776
3811
3777
3812
3778
3813
3779
3814
3815
3781
3816
3782
3817
3783
3818
3784
3819
3785
3820
3786
3821
3787
3822
3788
3823
3789
3824
3790
3825
3791
3826
3792
3827
3793
3828
3794
3829
3795
3830
3796
3831
3797
3832
3798
3833
3799
3834
3800
3835
3801
3836
3802
3837
3803
3838
3804
3839
3805
3840
3806
3841
3807
3842
3808
3843
3809
3844
3810
3845
3811
3846
3812
3847
3813
3848
3814
3849
3815
3850
3851
3817
3852
3818
3853
3819
3854
3820
3855
3821
3856
3822
3857
3823
3858
3824
3859
3825
3860
3826
3861
3827
3862
3828
3863
3829
3864
3830
3865
3831
3866
3832
3867
3833
3868
3834
3869
3835
3870
3836
3871
3837
3872
3838
3873
3839
3874
3840
3875
3841
3876
3842
3877
3843
3878
3844
3879
3845
3880
3846
3881
3847
3882
3848
3883
3849
3884
3850
3885
3851
3886
3887
3853
3888
3854
3889
3855
3890
3856
3891
3857
3892
3858
3893
3859
3894
3860
3895
3861
3896
3862
3897
3863
3898
3864
3899
3865
3900
3866
3901
3867
3902
3868
3903
3869
3904
3870
3905
3871
3906
3872
3907
3873
3908
3874
3909
3875
3910
3876
3911
3877
3912
3878
3913
3879
3914
3880
3915
3881
3916
3882
3917
3883
3918
3884
3919
3885
3920
3886
3921
3887
3922
3923
3889
3924
3890
3925
3891
3926
3892
3927
3893
3928
3894
3929
3895
3930
3896
3931
3897
3932
3898
3933
3899
3934
3900
3935
3901
3936
3902
3937
3903
3938
3904
3939
3905
3940
3906
3941
3907
3942
3908
3943
3909
3944
3910
3945
3911
3946
3912
3947
3913
3948
3914
3949
3915
3950
3916
3951
3917
3952
3918
3953
3919
3954
3920
3955
3921
3956
3922
3957
3923
3958
3959
3925
3960
3926
3961
3927
3962
3928
3963
3929
3964
3930
3965
3931
3966
3932
3967
3933
3968
3934
3969
3935
3970
3936
3971
3937
3972
3938
3973
3939
3974
3940
3975
3941
3976
3942
3977
3943
3978
3944
3979
3945
3980
3946
3981
3947
3982
3948
3983
3949
3984
3950
3985
3951
3986
3952
3987
3953
3988
3954
3989
3955
3990
3956
3991
3957
3992
3958
3993
3959
3994
3995
3961
3996
3962
3997
3963
3998
3964
3999
3965
4000
3966
4001
3967
4002
3968
4003
3969
4004
3970
4005
3971
4006
3972
4007
3973
4008
3974
4009
3975
4010
3976
4011
3977
4012
3978
4013
3979
4014
3980
4015
3981
4016
3982
4017
3983
4018
3984
4019
3985
4020
3986
4021
3987
4022
3988
4023
3989
4024
3990
4025
3991
4026
3992
4027
3993
4028
3994
4029
3995
4030
4031
3997
4032
3998
4033
3999
4034
4000
4035
4001
4036
4002
4037
4003
4038
4004
4039
4005
4040
4006
4041
4007
4042
4008
4043
4009
4044
4010
4045
4011
4046
4012
4047
4013
4048
4014
4049
4015
4050
4016
4051
4017
4052
4018
4053
4019
4054
4020
4055
4021
4056
4022
4057
4023
4058
4024
4059
4025
4060
4026
4061
4027
4062
4028
4063
4029
4064
4030
4065
4031
4066
4067
4033
4068
4034
4069
4035
4070
4036
4071
4037
4072
4038
4073
4039
4074
4040
4075
4041
4076
4042
4077
4043
4078
4044
4079
4045
4080
4046
4081
4047
4082
4048
4083
4049
4084
4050
4085
4051
4086
4052
4087
4053
4088
4054
4089
4055
4090
4056
4091
4057
4092
4058
4093
4059
4094
4060
4095
4061
4096
4062
4097
4063
4098
4064
4099
4065
4100
4066
4101
4067
4102
4103
4069
4104
4070
4105
4071
4106
4072
4107
4073
4108
4074
4109
4075
4110
4076
4111
4077
4112
4078
4113
4079
4114
4080
4115
4081
4116
4082
4117
4083
4118
4084
4119
4085
4120
4086
4121
4087
4122
4088
4123
4089
4124
4090
4125
4091
4126
4092
4127
4093
4128
4094
4129
4095
4130
4096
4131
4097
4132
4098
4133
4099
4134
4100
4135
4101
4136
4102
4137
4103
4138
4139
4105
4140
4106
4141
4107
4142
4108
4143
4109
4144
4110
4145
4111
4146
4112
4147
4113
4148
4114
4149
4115
4150
4116
4151
4117
4152
4118
4153
4119
4154
4120
4155
4121
4156
4122
4157
4123
4158
4124
4159
4125
4160
4126
4161
4127
4162
4128
4163
4129
4164
4130
4165
4131
4166
4132
4167
4133
4168
4134
4169
4135
4170
4136
4171
4137
4172
4138
4173
4139
4174
4175
4141
4176
4142
4177
4143
4178
4144
4179
4145
4180
4146
4181
4147
4182
4148
4183
4149
4184
4150
4185
4151
4186
4152
4187
4153
4188
4154
4189
4155
4190
4156
4191
4157
4192
4158
4193
4159
4194
4160
4195
4161
4196
4162
4197
4163
4198
4164
4199
4165
4200
4166
4201
4167
4202
4168
4203
4169
4204
4170
4205
4171
4206
4172
4207
4173
4208
4174
4209
4175
4210
4211
4177
4212
4178
4213
4179
4214
4180
4215
4181
4216
4182
4217
4183
4218
4184
4219
4185
4220
4186
4221
4187
4222
4188
4223
4189
4224
4190
4225
4191
4226
4192
4227
4193
4228
4194
4229
4195
4230
4196
4231
4197
4232
4198
4233
4199
4234
4200
4235
4201
4236
4202
4237
4203
4238
4204
4239
4205
4240
4206
4241
4207
4242
4208
4243
4209
4244
4210
4245
4211
4246
4247
4213
4248
4214
4249
4215
4250
4216
4251
4217
4252
4218
4253
4219
4254
4220
4255
4221
4256
4222
4257
4223
4258
4224
4259
4225
4260
4226
4261
4227
4262
4228
4263
4229
4264
4230
4265
4231
4266
4232
4267
4233
4268
4234
4269
4235
4270
4236
4271
4237
4272
4238
4273
4239
4274
4240
4275
4241
4276
4242
4277
4243
4278
4244
4279
4245
4280
4246
4281
4247
4282
4283
4249
4284
4250
4285
4251
4286
4252
4287
4253
4288
4254
4289
4255
4290
4256
4291
4257
4292
4258
4293
4259
4294
4260
4295
4261
4296
4262
4297
4263
4298
4264
4299
4265
4300
4266
4301
4267
4302
4268
4303
4269
4304
4270
4305
4271
4306
4272
4307
4273
4308
4274
4309
4275
4310
4276
4311
4277
4312
4278
4313
4279
4314
4280
4315
4281
4316
4282
4317
4283
4318
4319
4285
4320
4286
4321
4287
4322
4288
4323
4289
4324
4290
4325
4291
4326
4292
4327
4293
4328
4294
4329
4295
4330
4296
4331
4297
4332
4298
4333
4299
4334
4300
4335
4301
4336
4302
4337
4303
4338
4304
4339
4305
4340
4306
4341
4307
4342
4308
4343
4309
4344
4310
4345
4311
4346
4312
4347
4313
4348
4314
4349
4315
4350
4316
4351
4317
4352
4318
4353
4319
4354
4355
4321
4356
4322
4357
4323
4358
4324
4359
4325
4360
4326
4361
4327
4362
4328
4363
4329
4364
4330
4365
4331
4366
4332
4367
4333
4368
4334
4369
4335
4370
4336
4371
4337
4372
4338
4373
4339
4374
4340
4375
4341
4376
4342
4377
4343
4378
4344
4379
4345
4380
4346
4381
4347
4382
4348
4383
4349
4384
4350
4385
4351
4386
4352
4387
4353
4388
4354
4389
4355
4390
4391
4357
4392
4358
4393
4359
4394
4360
4395
4361
4396
4362
4397
4363
4398
4364
4399
4365
4400
4366
4401
4367
4402
4368
4403
4369
4404
4370
4405
4371
4406
4372
4407
4373
4408
4374
4409
4375
4410
4376
4411
4377
4412
4378
4413
4379
4414
4380
4415
4381
4416
4382
4417
4383
4418
4384
4419
4385
4420
4386
4421
4387
4422
4388
4423
4389
4424
4390
4425
4391
4426
4427
4393
4428
4394
4429
4395
4430
4396
4431
4397
4432
4398
4433
4399
4434
4400
4435
4401
4436
4402
4437
4403
4438
4404
4439
4405
4440
4406
4441
4407
4442
4408
4443
4409
4444
4410
4445
4411
4446
4412
4447
4413
4448
4414
4449
4415
4450
4416
4451
4417
4452
4418
4453
4419
4454
4420
4455
4421
4456
4422
4457
4423
4458
4424
4459
4425
4460
4426
4461
4427
4462
4463
4429
4464
4430
4465
4431
4466
4432
4467
4433
4468
4434
4469
4435
4470
4436
4471
4437
4472
4438
4473
4439
4474
4440
4475
4441
4476
4442
4477
4443
4478
4444
4479
4445
4480
4446
4481
4447
4482
4448
4483
4449
4484
4450
4485
4451
4486
4452
4487
4453
4488
4454
4489
4455
4490
4456
4491
4457
4492
4458
4493
4459
4494
4460
4495
4461
4496
4462
4497
4463
4498
4499
4465
4500
4466
4501
4467
4502
4468
4503
4469
4504
4470
4505
4471
4506
4472
4507
4473
4508
4474
4509
4475
4510
4476
4511
4477
4512
4478
4513
4479
4514
4480
4515
4481
4516
4482
4517
4483
4518
4484
4519
4485
4520
4486
4521
4487
4522
4488
4523
4489
4524
4490
4525
4491
4526
4492
4527
4493
4528
4494
4529
4495
4530
4496
4531
4497
4532
4498
4533
4499
4534
4535
4501
4536
4502
4537
4503
4538
4504
4539
4505
4540
4506
4541
4507
4542
4508
4543
4509
4544
4510
4545
4511
4546
4512
4547
4513
4548
4514
4549
4515
4550
4516
4551
4517
4552
4518
4553
4519
4554
4520
4555
4521
4556
4522
4557
4523
4558
4524
4559
4525
4560
4526
4561
4527
4562
4528
4563
4529
4564
4530
4565
4531
4566
4532
4567
4533
4568
4534
4569
4535
4570
4571
4537
4572
4538
4573
4539
4574
4540
4575
4541
4576
4542
4577
4543
4578
4544
4579
4545
4580
4546
4581
4547
4582
4548
4583
4549
4584
4550
4585
4551
4586
4552
4587
4553
4588
4554
4589
4555
4590
4556
4591
4557
4592
4558
4593
4559
4594
4560
4595
4561
4596
4562
4597
4563
4598
4564
4599
4565
4600
4566
4601
4567
4602
4568
4603
4569
4604
4570
4605
4571
4606
4607
4573
4608
4574
4609
4575
4610
4576
4611
4577
4612
4578
4613
4579
4614
4580
4615
4581
4616
4582
4617
4583
4618
4584
4619
4585
4620
4586
4621
4587
4622
4588
4623
4589
4624
4590
4625
4591
4626
4592
4627
4593
4628
4594
4629
4595
4630
4596
4631
4597
4632
4598
4633
4599
4634
4600
4635
4601
4636
4602
4637
4603
4638
4604
4639
4605
4640
4606
4641
4607
4642
4643
4609
4644
4610
4645
4611
4646
4612
4647
4613
4648
4614
4649
4615
4650
4616
4651
4617
4652
4618
4653
4619
4654
4620
4655
4621
4656
4622
4657
4623
4658
4624
4659
4625
4660
4626
4661
4627
4662
4628
4663
4629
4664
4630
4665
4631
4666
4632
4667
4633
4668
4634
4669
4635
4670
4636
4671
4637
4672
4638
4673
4639
4674
4640
4675
4641
4676
4642
4677
4643
4678
4679
4645
4680
4646
4681
4647
4682
4648
4683
4649
4684
4650
4685
4651
4686
4652
4687
4653
4688
4654
4689
4655
4690
4656
4691
4657
4692
4658
4693
4659
4694
4660
4695
4661
4696
4662
4697
4663
4698
4664
4699
4665
4700
4666
4701
4667
4702
4668
4703
4669
4704
4670
4705
4671
4706
4672
4707
4673
4708
4674
4709
4675
4710
4676
4711
4677
4712
4678
4713
4679
4714
4715
4681
4716
4682
4717
4683
4718
4684
4719
4685
4720
4686
4721
4687
4722
4688
4723
4689
4724
4690
4725
4691
4726
4692
4727
4693
4728
4694
4729
4695
4730
4696
4731
4697
4732
4698
4733
4699
4734
4700
4735
4701
4736
4702
4737
4703
4738
4704
4739
4705
4740
4706
4741
4707
4742
4708
4743
4709
4744
4710
4745
4711
4746
4712
4747
4713
4748
4714
4749
4715
4750
4751
4717
4752
4718
4753
4719
4754
4720
4755
4721
4756
4722
4757
4723
4758
4724
4759
4725
4760
4726
4761
4727
4762
4728
4763
4729
4764
4730
4765
4731
4766
4732
4767
4733
4768
4734
4769
4735
4770
4736
4771
4737
4772
4738
4773
4739
4774
4740
4775
4741
4776
4742
4777
4743
4778
4744
4779
4745
4780
4746
4781
4747
4782
4748
4783
4749
4784
4750
4785
4751
4786
4787
4753
4788
4754
4789
4755
4790
4756
4791
4757
4792
4758
4793
4759
4794
4760
4795
4761
4796
4762
4797
4763
4798
4764
4799
4765
4800
4766
4801
4767
4802
4768
4803
4769
4804
4770
4805
4771
4806
4772
4807
4773
4808
4774
4809
4775
4810
4776
4811
4777
4812
4778
4813
4779
4814
4780
4815
4781
4816
4782
4817
4783
4818
4784
4819
4785
4820
4786
4821
4787
4822
4823
4789
4824
4790
4825
4791
4826
4792
4827
4793
4828
4794
4829
4795
4830
4796
4831
4797
4832
4798
4833
4799
4834
4800
4835
4801
4836
4802
4837
4803
4838
4804
4839
4805
4840
4806
4841
4807
4842
4808
4843
4809
4844
4810
4845
4811
4846
4812
4847
4813
4848
4814
4849
4815
4850
4816
4851
4817
4852
4818
4853
4819
4854
4820
4855
4821
4856
4822
4857
4823
4858
4859
4825
4860
4826
4861
4827
4862
4828
4863
4829
4864
4830
4865
4831
4866
4832
4867
4833
4868
4834
4869
4835
4870
4836
4871
4837
4872
4838
4873
4839
4874
4840
4875
4841
4876
4842
4877
4843
4878
4844
4879
4845
4880
4846
4881
4847
4882
4848
4883
4849
4884
4850
4885
4851
4886
4852
4887
4853
4888
4854
4889
4855
4890
4856
4891
4857
4892
4858
4893
4859
4894
4895
4861
4896
4862
4897
4863
4898
4864
4899
4865
4900
4866
4901
4867
4902
4868
4903
4869
4904
4870
4905
4871
4906
4872
4907
4873
4908
4874
4909
4875
4910
4876
4911
4877
4912
4878
4913
4879
4914
4880
4915
4881
4916
4882
4917
4883
4918
4884
4919
4885
4920
4886
4921
4887
4922
4888
4923
4889
4924
4890
4925
4891
4926
4892
4927
4893
4928
4894
4929
4895
4930
4931
4897
4932
4898
4933
4899
4934
4900
4935
4901
4936
4902
4937
4903
4938
4904
4939
4905
4940
4906
4941
4907
4942
4908
4943
4909
4944
4910
4945
4911
4946
4912
4947
4913
4948
4914
4949
4915
4950
4916
4951
4917
4952
4918
4953
4919
4954
4920
4955
4921
4956
4922
4957
4923
4958
4924
4959
4925
4960
4926
4961
4927
4962
4928
4963
4929
4964
4930
4965
4931
4966
4967
4933
4968
4934
4969
4935
4970
4936
4971
4937
4972
4938
4973
4939
4974
4940
4975
4941
4976
4942
4977
4943
4978
4944
4979
4945
4980
4946
4981
4947
4982
4948
4983
4949
4984
4950
4985
4951
4986
4952
4987
4953
4988
4954
4989
4955
4990
4956
4991
4957
4992
4958
4993
4959
4994
4960
4995
4961
4996
4962
4997
4963
4998
4964
4999
4965
5000
4966
5001
4967
5002
5003
4969
5004
4970
5005
4971
5006
4972
5007
4973
5008
4974
5009
4975
5010
4976
5011
4977
5012
4978
5013
4979
5014
4980
5015
4981
5016
4982
5017
4983
5018
4984
5019
4985
5020
4986
5021
4987
5022
4988
5023
4989
5024
4990
5025
4991
5026
4992
5027
4993
5028
4994
5029
4995
5030
4996
5031
4997
5032
4998
5033
4999
5034
5000
5035
5001
5036
5002
5037
5003
5038
5039
5005
5040
5006
5041
5007
5042
5008
5043
5009
5044
5010
5045
5011
5046
5012
5047
5013
5048
5014
5049
5015
5050
5016
5051
5017
5052
5018
5053
5019
5054
5020
5055
5021
5056
5022
5057
5023
5058
5024
5059
5025
5060
5026
5061
5027
5062
5028
5063
5029
5064
5030
5065
5031
5066
5032
5067
5033
5068
5034
5069
5035
5070
5036
5071
5037
5072
5038
5073
5039
5074
5075
5041
5076
5042
5077
5043
5078
5044
5079
5045
5080
5046
5081
5047
5082
5048
5083
5049
5084
5050
5085
5051
5086
5052
5087
5053
5088
5054
5089
5055
5090
5056
5091
5057
5092
5058
5093
5059
5094
5060
5095
5061
5096
5062
5097
5063
5098
5064
5099
5065
5100
5066
5101
5067
5102
5068
5103
5069
5104
5070
5105
5071
5106
5072
5107
5073
5108
5074
5109
5075
5110
5111
5077
5112
5078
5113
5079
5114
5080
5115
5081
5116
5082
5117
5083
5118
5084
5119
5085
5120
5086
5121
5087
5122
5088
5123
5089
5124
5090
5125
5091
5126
5092
5127
5093
5128
5094
5129
5095
5130
5096
5131
5097
5132
5098
5133
5099
5134
5100
5135
5101
5136
5102
5137
5103
5138
5104
5139
5105
5140
5106
5141
5107
5142
5108
5143
5109
5144
5110
5145
5111
5146
5147
5113
5148
5114
5149
5115
5150
5116
5151
5117
5152
5118
5153
5119
5154
5120
5155
5121
5156
5122
5157
5123
5158
5124
5159
5125
5160
5126
5161
5127
5162
5128
5163
5129
5164
5130
5165
5131
5166
5132
5167
5133
5168
5134
5169
5135
5170
5136
5171
5137
5172
5138
5173
5139
5174
5140
5175
5141
5176
5142
5177
5143
5178
5144
5179
5145
5180
5146
5181
5147
5182
5183
5149
5184
5150
5185
5151
5186
5152
5187
5153
5188
5154
5189
5155
5190
5156
5191
5157
5192
5158
5193
5159
5194
5160
5195
5161
5196
5162
5197
5163
5198
5164
5199
5165
5200
5166
5201
5167
5202
5168
5203
5169
5204
5170
5205
5171
5206
5172
5207
5173
5208
5174
5209
5175
5210
5176
5211
5177
5212
5178
5213
5179
5214
5180
5215
5181
5216
5182
5217
5183
5218
5219
5185
5220
5186
5221
5187
5222
5188
5223
5189
5224
5190
5225
5191
5226
5192
5227
5193
5228
5194
5229
5195
5230
5196
5231
5197
5232
5198
5233
5199
5234
5200
5235
5201
5236
5202
5237
5203
5238
5204
5239
5205
5240
5206
5241
5207
5242
5208
5243
5209
5244
5210
5245
5211
5246
5212
5247
5213
5248
5214
5249
5215
5250
5216
5251
5217
5252
5218
5253
5219
5254
5255
5221
5256
5222
5257
5223
5258
5224
5259
5225
5260
5226
5261
5227
5262
5228
5263
5229
5264
5230
5265
5231
5266
5232
5267
5233
5268
5234
5269
5235
5270
5236
5271
5237
5272
5238
5273
5239
5274
5240
5275
5241
5276
5242
5277
5243
5278
5244
5279
5245
5280
5246
5281
5247
5282
5248
5283
5249
5284
5250
5285
5251
5286
5252
5287
5253
5288
5254
5289
5255
5290
5291
5257
5292
5258
5293
5259
5294
5260
5295
5261
5296
5262
5297
5263
5298
5264
5299
5265
5300
5266
5301
5267
5302
5268
5303
5269
5304
5270
5305
5271
5306
5272
5307
5273
5308
5274
5309
5275
5310
5276
5311
5277
5312
5278
5313
5279
5314
5280
5315
5281
5316
5282
5317
5283
5318
5284
5319
5285
5320
5286
5321
5287
5322
5288
5323
5289
5324
5290
5325
5291
5326
5327
5293
5328
5294
5329
5295
5330
5296
5331
5297
5332
5298
5333
5299
5334
5300
5335
5301
5336
5302
5337
5303
5338
5304
5339
5305
5340
5306
5341
5307
5342
5308
5343
5309
5344
5310
5345
5311
5346
5312
5347
5313
5348
5314
5349
5315
5350
5316
5351
5317
5352
5318
5353
5319
5354
5320
5355
5321
5356
5322
5357
5323
5358
5324
5359
5325
5360
5326
5361
5327
5362
5363
5329
5364
5330
5365
5331
5366
5332
5367
5333
5368
5334
5369
5335
5370
5336
5371
5337
5372
5338
5373
5339
5374
5340
5375
5341
5376
5342
5377
5343
5378
5344
5379
5345
5380
5346
5381
5347
5382
5348
5383
5349
5384
5350
5385
5351
5386
5352
5387
5353
5388
5354
5389
5355
5390
5356
5391
5357
5392
5358
5393
5359
5394
5360
5395
5361
5396
5362
5397
5363
5398
5399
5365
5400
5366
5401
5367
5402
5368
5403
5369
5404
5370
5405
5371
5406
5372
5407
5373
5408
5374
5409
5375
5410
5376
5411
5377
5412
5378
5413
5379
5414
5380
5415
5381
5416
5382
5417
5383
5418
5384
5419
5385
5420
5386
5421
5387
5422
5388
5423
5389
5424
5390
5425
5391
5426
5392
5427
5393
5428
5394
5429
5395
5430
5396
5431
5397
5432
5398
5433
5399
5434
5435
5401
5436
5402
5437
5403
5438
5404
5439
5405
5440
5406
5441
5407
5442
5408
5443
5409
5444
5410
5445
5411
5446
5412
5447
5413
5448
5414
5449
5415
5450
5416
5451
5417
5452
5418
5453
5419
5454
5420
5455
5421
5456
5422
5457
5423
5458
5424
5459
5425
5460
5426
5461
5427
5462
5428
5463
5429
5464
5430
5465
5431
5466
5432
5467
5433
5468
5434
5469
5435
5470
5471
5437
5472
5438
5473
5439
5474
5440
5475
5441
5476
5442
5477
5443
5478
5444
5479
5445
5480
5446
5481
5447
5482
5448
5483
5449
5484
5450
5485
5451
5486
5452
5487
5453
5488
5454
5489
5455
5490
5456
5491
5457
5492
5458
5493
5459
5494
5460
5495
5461
5496
5462
5497
5463
5498
5464
5499
5465
5500
5466
5501
5467
5502
5468
5503
5469
5504
5470
5505
5471
5506
5507
5473
5508
5474
5509
5475
5510
5476
5511
5477
5512
5478
5513
5479
5514
5480
5515
5481
5516
5482
5517
5483
5518
5484
5519
5485
5520
5486
5521
5487
5522
5488
5523
5489
5524
5490
5525
5491
5526
5492
5527
5493
5528
5494
5529
5495
5530
5496
5531
5497
5532
5498
5533
5499
5534
5500
5535
5501
5536
5502
5537
5503
5538
5504
5539
5505
5540
5506
5541
5507
5542
5543
5509
5544
5510
5545
5511
5546
5512
5547
5513
5548
5514
5549
5515
5550
5516
5551
5517
5552
5518
5553
5519
5554
5520
5555
5521
5556
5522
5557
5523
5558
5524
5559
5525
5560
5526
5561
5527
5562
5528
5563
5529
5564
5530
5565
5531
5566
5532
5567
5533
5568
5534
5569
5535
5570
5536
5571
5537
5572
5538
5573
5539
5574
5540
5575
5541
5576
5542
5577
5543
5578
5579
5545
5580
5546
5581
5547
5582
5548
5583
5549
5584
5550
5585
5551
5586
5552
5587
5553
5588
5554
5589
5555
5590
5556
5591
5557
5592
5558
5593
5559
5594
5560
5595
5561
5596
5562
5597
5563
5598
5564
5599
5565
5600
5566
5601
5567
5602
5568
5603
5569
5604
5570
5605
5571
5606
5572
5607
5573
5608
5574
5609
5575
5610
5576
5611
5577
5612
5578
5613
5579
5614
5615
5581
5616
5582
5617
5583
5618
5584
5619
5585
5620
5586
5621
5587
5622
5588
5623
5589
5624
5590
5625
5591
5626
5592
5627
5593
5628
5594
5629
5595
5630
5596
5631
5597
5632
5598
5633
5599
5634
5600
5635
5601
5636
5602
5637
5603
5638
5604
5639
5605
5640
5606
5641
5607
5642
5608
5643
5609
5644
5610
5645
5611
5646
5612
5647
5613
5648
5614
5649
5615
5650
5651
5617
5652
5618
5653
5619
5654
5620
5655
5621
5656
5622
5657
5623
5658
5624
5659
5625
5660
5626
5661
5627
5662
5628
5663
5629
5664
5630
5665
5631
5666
5632
5667
5633
5668
5634
5669
5635
5670
5636
5671
5637
5672
5638
5673
5639
5674
5640
5675
5641
5676
5642
5677
5643
5678
5644
5679
5645
5680
5646
5681
5647
5682
5648
5683
5649
5684
5650
5685
5651
5686
5687
5653
5688
5654
5689
5655
5690
5656
5691
5657
5692
5658
5693
5659
5694
5660
5695
5661
5696
5662
5697
5663
5698
5664
5699
5665
5700
5666
5701
5667
5702
5668
5703
5669
5704
5670
5705
5671
5706
5672
5707
5673
5708
5674
5709
5675
5710
5676
5711
5677
5712
5678
5713
5679
5714
5680
5715
5681
5716
5682
5717
5683
5718
5684
5719
5685
5720
5686
5721
5687
5722
5723
5689
5724
5690
5725
5691
5726
5692
5727
5693
5728
5694
5729
5695
5730
5696
5731
5697
5732
5698
5733
5699
5734
5700
5735
5701
5736
5702
5737
5703
5738
5704
5739
5705
5740
5706
5741
5707
5742
5708
5743
5709
5744
5710
5745
5711
5746
5712
5747
5713
5748
5714
5749
5715
5750
5716
5751
5717
5752
5718
5753
5719
5754
5720
5755
5721
5756
5722
5757
5723
5758
5759
5725
5760
5726
5761
5727
5762
5728
5763
5729
5764
5730
5765
5731
5766
5732
5767
5733
5768
5734
5769
5735
5770
5736
5771
5737
5772
5738
5773
5739
5774
5740
5775
5741
5776
5742
5777
5743
5778
5744
5779
5745
5780
5746
5781
5747
5782
5748
5783
5749
5784
5750
5785
5751
5786
5752
5787
5753
5788
5754
5789
5755
5790
5756
5791
5757
5792
5758
5793
5759
5794
5795
5761
5796
5762
5797
5763
5798
5764
5799
5765
5800
5766
5801
5767
5802
5768
5803
5769
5804
5770
5805
5771
5806
5772
5807
5773
5808
5774
5809
5775
5810
5776
5811
5777
5812
5778
5813
5779
5814
5780
5815
5781
5816
5782
5817
5783
5818
5784
5819
5785
5820
5786
5821
5787
5822
5788
5823
5789
5824
5790
5825
5791
5826
5792
5827
5793
5828
5794
5829
5795
5830
5831
5797
5832
5798
5833
5799
5834
5800
5835
5801
5836
5802
5837
5803
5838
5804
5839
5805
5840
5806
5841
5807
5842
5808
5843
5809
5844
5810
5845
5811
5846
5812
5847
5813
5848
5814
5849
5815
5850
5816
5851
5817
5852
5818
5853
5819
5854
5820
5855
5821
5856
5822
5857
5823
5858
5824
5859
5825
5860
5826
5861
5827
5862
5828
5863
5829
5864
5830
5865
5831
5866
5867
5833
5868
5834
5869
5835
5870
5836
5871
5837
5872
5838
5873
5839
5874
5840
5875
5841
5876
5842
5877
5843
5878
5844
5879
5845
5880
5846
5881
5847
5882
5848
5883
5849
5884
5850
5885
5851
5886
5852
5887
5853
5888
5854
5889
5855
5890
5856
5891
5857
5892
5858
5893
5859
5894
5860
5895
5861
5896
5862
5897
5863
5898
5864
5899
5865
5900
5866
5901
5867
5902
5903
5869
5904
5870
5905
5871
5906
5872
5907
5873
5908
5874
5909
5875
5910
5876
5911
5877
5912
5878
5913
5879
5914
5880
5915
5881
5916
5882
5917
5883
5918
5884
5919
5885
5920
5886
5921
5887
5922
5888
5923
5889
5924
5890
5925
5891
5926
5892
5927
5893
5928
5894
5929
5895
5930
5896
5931
5897
5932
5898
5933
5899
5934
5900
5935
5901
5936
5902
5937
5903
5938
5939
5905
5940
5906
5941
5907
5942
5908
5943
5909
5944
5910
5945
5911
5946
5912
5947
5913
5948
5914
5949
5915
5950
5916
5951
5917
5952
5918
5953
5919
5954
5920
5955
5921
5956
5922
5957
5923
5958
5924
5959
5925
5960
5926
5961
5927
5962
5928
5963
5929
5964
5930
5965
5931
5966
5932
5967
5933
5968
5934
5969
5935
5970
5936
5971
5937
5972
5938
5973
5939
5974
5975
5941
5976
5942
5977
5943
5978
5944
5979
5945
5980
5946
5981
5947
5982
5948
5983
5949
5984
5950
5985
5951
5986
5952
5987
5953
5988
5954
5989
5955
5990
5956
5991
5957
5992
5958
5993
5959
5994
5960
5995
5961
5996
5962
5997
5963
5998
5964
5999
5965
6000
5966
6001
5967
6002
5968
6003
5969
6004
5970
6005
5971
6006
5972
6007
5973
6008
5974
6009
5975
6010
6011
5977
6012
5978
6013
5979
6014
5980
6015
5981
6016
5982
6017
5983
6018
5984
6019
5985
6020
5986
6021
5987
6022
5988
6023
5989
6024
5990
6025
5991
6026
5992
6027
5993
6028
5994
6029
5995
6030
5996
6031
5997
6032
5998
6033
5999
6034
6000
6035
6001
6036
6002
6037
6003
6038
6004
6039
6005
6040
6006
6041
6007
6042
6008
6043
6009
6044
6010
6045
6011
6046
6047
6013
6048
6014
6049
6015
6050
6016
6051
6017
6052
6018
6053
6019
6054
6020
6055
6021
6056
6022
6057
6023
6058
6024
6059
6025
6060
6026
6061
6027
6062
6028
6063
6029
6064
6030
6065
6031
6066
6032
6067
6033
6068
6034
6069
6035
6070
6036
6071
6037
6072
6038
6073
6039
6074
6040
6075
6041
6076
6042
6077
6043
6078
6044
6079
6045
6080
6046
6081
6047
6082
6083
6049
6084
6050
6085
6051
6086
6052
6087
6053
6088
6054
6089
6055
6090
6056
6091
6057
6092
6058
6093
6059
6094
6060
6095
6061
6096
6062
6097
6063
6098
6064
6099
6065
6100
6066
6101
6067
6102
6068
6103
6069
6104
6070
6105
6071
6106
6072
6107
6073
6108
6074
6109
6075
6110
6076
6111
6077
6112
6078
6113
6079
6114
6080
6115
6081
6116
6082
6117
6083
6118
6119
6085
6120
6086
6121
6087
6122
6088
6123
6089
6124
6090
6125
6091
6126
6092
6127
6093
6128
6094
6129
6095
6130
6096
6131
6097
6132
6098
6133
6099
6134
6100
6135
6101
6136
6102
6137
6103
6138
6104
6139
6105
6140
6106
6141
6107
6142
6108
6143
6109
6144
6110
6145
6111
6146
6112
6147
6113
6148
6114
6149
6115
6150
6116
6151
6117
6152
6118
6153
6119
6154
6155
6121
6156
6122
6157
6123
6158
6124
6159
6125
6160
6126
6161
6127
6162
6128
6163
6129
6164
6130
6165
6131
6166
6132
6167
6133
6168
6134
6169
6135
6170
6136
6171
6137
6172
6138
6173
6139
6174
6140
6175
6141
6176
6142
6177
6143
6178
6144
6179
6145
6180
6146
6181
6147
6182
6148
6183
6149
6184
6150
6185
6151
6186
6152
6187
6153
6188
6154
6189
6155
6190
6191
6157
6192
6158
6193
6159
6194
6160
6195
6161
6196
6162
6197
6163
6198
6164
6199
6165
6200
6166
6201
6167
6202
6168
6203
6169
6204
6170
6205
6171
6206
6172
6207
6173
6208
6174
6209
6175
6210
6176
6211
6177
6212
6178
6213
6179
6214
6180
6215
6181
6216
6182
6217
6183
6218
6184
6219
6185
6220
6186
6221
6187
6222
6188
6223
6189
6224
6190
6225
6191
6226
6227
6193
6228
6194
6229
6195
6230
6196
6231
6197
6232
6198
6233
6199
6234
6200
6235
6201
6236
6202
6237
6203
6238
6204
6239
6205
6240
6206
6241
6207
6242
6208
6243
6209
6244
6210
6245
6211
6246
6212
6247
6213
6248
6214
6249
6215
6250
6216
6251
6217
6252
6218
6253
6219
6254
6220
6255
6221
6256
6222
6257
6223
6258
6224
6259
6225
6260
6226
6261
6227
6262
6263
6229
6264
6230
6265
6231
6266
6232
6267
6233
6268
6234
6269
6235
6270
6236
6271
6237
6272
6238
6273
6239
6274
6240
6275
6241
6276
6242
6277
6243
6278
6244
6279
6245
6280
6246
6281
6247
6282
6248
6283
6249
6284
6250
6285
6251
6286
6252
6287
6253
6288
6254
6289
6255
6290
6256
6291
6257
6292
6258
6293
6259
6294
6260
6295
6261
6296
6262
6297
6263
6298
6299
6265
6300
6266
6301
6267
6302
6268
6303
6269
6304
6270
6305
6271
6306
6272
6307
6273
6308
6274
6309
6275
6310
6276
6311
6277
6312
6278
6313
6279
6314
6280
6315
6281
6316
6282
6317
6283
6318
6284
6319
6285
6320
6286
6321
6287
6322
6288
6323
6289
6324
6290
6325
6291
6326
6292
6327
6293
6328
6294
6329
6295
6330
6296
6331
6297
6332
6298
6333
6299
6334
6335
6301
6336
6302
6337
6303
6338
6304
6339
6305
6340
6306
6341
6307
6342
6308
6343
6309
6344
6310
6345
6311
6346
6312
6347
6313
6348
6314
6349
6315
6350
6316
6351
6317
6352
6318
6353
6319
6354
6320
6355
6321
6356
6322
6357
6323
6358
6324
6359
6325
6360
6326
6361
6327
6362
6328
6363
6329
6364
6330
6365
6331
6366
6332
6367
6333
6368
6334
6369
6335
6370
6371
6337
6372
6338
6373
6339
6374
6340
6375
6341
6376
6342
6377
6343
6378
6344
6379
6345
6380
6346
6381
6347
6382
6348
6383
6349
6384
6350
6385
6351
6386
6352
6387
6353
6388
6354
6389
6355
6390
6356
6391
6357
6392
6358
6393
6359
6394
6360
6395
6361
6396
6362
6397
6363
6398
6364
6399
6365
6400
6366
6401
6367
6402
6368
6403
6369
6404
6370
6405
6371
6406
6407
6373
6408
6374
6409
6375
6410
6376
6411
6377
6412
6378
6413
6379
6414
6380
6415
6381
6416
6382
6417
6383
6418
6384
6419
6385
6420
6386
6421
6387
6422
6388
6423
6389
6424
6390
6425
6391
6426
6392
6427
6393
6428
6394
6429
6395
6430
6396
6431
6397
6432
6398
6433
6399
6434
6400
6435
6401
6436
6402
6437
6403
6438
6404
6439
6405
6440
6406
6441
6407
6442
6443
6409
6444
6410
6445
6411
6446
6412
6447
6413
6448
6414
6449
6415
6450
6416
6451
6417
6452
6418
6453
6419
6454
6420
6455
6421
6456
6422
6457
6423
6458
6424
6459
6425
6460
6426
6461
6427
6462
6428
6463
6429
6464
6430
6465
6431
6466
6432
6467
6433
6468
6434
6469
6435
6470
6436
6471
6437
6472
6438
6473
6439
6474
6440
6475
6441
6476
6442
6477
6443
6478
6479
6445
6480
6446
6481
6447
6482
6448
6483
6449
6484
6450
6485
6451
6486
6452
6487
6453
6488
6454
6489
6455
6490
6456
6491
6457
6492
6458
6493
6459
6494
6460
6495
6461
6496
6462
6497
6463
6498
6464
6499
6465
6500
6466
6501
6467
6502
6468
6503
6469
6504
6470
6505
6471
6506
6472
6507
6473
6508
6474
6509
6475
6510
6476
6511
6477
6512
6478
6513
6479
6514
6515
6481
6516
6482
6517
6483
6518
6484
6519
6485
6520
6486
6521
6487
6522
6488
6523
6489
6524
6490
6525
6491
6526
6492
6527
6493
6528
6494
6529
6495
6530
6496
6531
6497
6532
6498
6533
6499
6534
6500
6535
6501
6536
6502
6537
6503
6538
6504
6539
6505
6540
6506
6541
6507
6542
6508
6543
6509
6544
6510
6545
6511
6546
6512
6547
6513
6548
6514
6549
6515
6550
6551
6517
6552
6518
6553
6519
6554
6520
6555
6521
6556
6522
6557
6523
6558
6524
6559
6525
6560
6526
6561
6527
6562
6528
6563
6529
6564
6530
6565
6531
6566
6532
6567
6533
6568
6534
6569
6535
6570
6536
6571
6537
6572
6538
6573
6539
6574
6540
6575
6541
6576
6542
6577
6543
6578
6544
6579
6545
6580
6546
6581
6547
6582
6548
6583
6549
6584
6550
6585
6551
6586
6587
6553
6588
6554
6589
6555
6590
6556
6591
6557
6592
6558
6593
6559
6594
6560
6595
6561
6596
6562
6597
6563
6598
6564
6599
6565
6600
6566
6601
6567
6602
6568
6603
6569
6604
6570
6605
6571
6606
6572
6607
6573
6608
6574
6609
6575
6610
6576
6611
6577
6612
6578
6613
6579
6614
6580
6615
6581
6616
6582
6617
6583
6618
6584
6619
6585
6620
6586
6621
6587
6622
6623
6589
6624
6590
6625
6591
6626
6592
6627
6593
6628
6594
6629
6595
6630
6596
6631
6597
6632
6598
6633
6599
6634
6600
6635
6601
6636
6602
6637
6603
6638
6604
6639
6605
6640
6606
6641
6607
6642
6608
6643
6609
6644
6610
6645
6611
6646
6612
6647
6613
6648
6614
6649
6615
6650
6616
6651
6617
6652
6618
6653
6619
6654
6620
6655
6621
6656
6622
6657
6623
6658
6659
6625
6660
6626
6661
6627
6662
6628
6663
6629
6664
6630
6665
6631
6666
6632
6667
6633
6668
6634
6669
6635
6670
6636
6671
6637
6672
6638
6673
6639
6674
6640
6675
6641
6676
6642
6677
6643
6678
6644
6679
6645
6680
6646
6681
6647
6682
6648
6683
6649
6684
6650
6685
6651
6686
6652
6687
6653
6688
6654
6689
6655
6690
6656
6691
6657
6692
6658
6693
6659
6694
6695
6661
6696
6662
6697
6663
6698
6664
6699
6665
6700
6666
6701
6667
6702
6668
6703
6669
6704
6670
6705
6671
6706
6672
6707
6673
6708
6674
6709
6675
6710
6676
6711
6677
6712
6678
6713
6679
6714
6680
6715
6681
6716
6682
6717
6683
6718
6684
6719
6685
6720
6686
6721
6687
6722
6688
6723
6689
6724
6690
6725
6691
6726
6692
6727
6693
6728
6694
6729
6695
6730
6731
6697
6732
6698
6733
6699
6734
6700
6735
6701
6736
6702
6737
6703
6738
6704
6739
6705
6740
6706
6741
6707
6742
6708
6743
6709
6744
6710
6745
6711
6746
6712
6747
6713
6748
6714
6749
6715
6750
6716
6751
6717
6752
6718
6753
6719
6754
6720
6755
6721
6756
6722
6757
6723
6758
6724
6759
6725
6760
6726
6761
6727
6762
6728
6763
6729
6764
6730
6765
6731
6766
6767
6733
6768
6734
6769
6735
6770
6736
6771
6737
6772
6738
6773
6739
6774
6740
6775
6741
6776
6742
6777
6743
6778
6744
6779
6745
6780
6746
6781
6747
6782
6748
6783
6749
6784
6750
6785
6751
6786
6752
6787
6753
6788
6754
6789
6755
6790
6756
6791
6757
6792
6758
6793
6759
6794
6760
6795
6761
6796
6762
6797
6763
6798
6764
6799
6765
6800
6766
6801
6767
6802
6803
6769
6804
6770
6805
6771
6806
6772
6807
6773
6808
6774
6809
6775
6810
6776
6811
6777
6812
6778
6813
6779
6814
6780
6815
6781
6816
6782
6817
6783
6818
6784
6819
6785
6820
6786
6821
6787
6822
6788
6823
6789
6824
6790
6825
6791
6826
6792
6827
6793
6828
6794
6829
6795
6830
6796
6831
6797
6832
6798
6833
6799
6834
6800
6835
6801
6836
6802
6837
6803
6838
6839
6805
6840
6806
6841
6807
6842
6808
6843
6809
6844
6810
6845
6811
6846
6812
6847
6813
6848
6814
6849
6815
6850
6816
6851
6817
6852
6818
6853
6819
6854
6820
6855
6821
6856
6822
6857
6823
6858
6824
6859
6825
6860
6826
6861
6827
6862
6828
6863
6829
6864
6830
6865
6831
6866
6832
6867
6833
6868
6834
6869
6835
6870
6836
6871
6837
6872
6838
6873
6839
6874
6875
6841
6876
6842
6877
6843
6878
6844
6879
6845
6880
6846
6881
6847
6882
6848
6883
6849
6884
6850
6885
6851
6886
6852
6887
6853
6888
6854
6889
6855
6890
6856
6891
6857
6892
6858
6893
6859
6894
6860
6895
6861
6896
6862
6897
6863
6898
6864
6899
6865
6900
6866
6901
6867
6902
6868
6903
6869
6904
6870
6905
6871
6906
6872
6907
6873
6908
6874
6909
6875
6910
6911
6877
6912
6878
6913
6879
6914
6880
6915
6881
6916
6882
6917
6883
6918
6884
6919
6885
6920
6886
6921
6887
6922
6888
6923
6889
6924
6890
6925
6891
6926
6892
6927
6893
6928
6894
6929
6895
6930
6896
6931
6897
6932
6898
6933
6899
6934
6900
6935
6901
6936
6902
6937
6903
6938
6904
6939
6905
6940
6906
6941
6907
6942
6908
6943
6909
6944
6910
6945
6911
6946
6947
6913
6948
6914
6949
6915
6950
6916
6951
6917
6952
6918
6953
6919
6954
6920
6955
6921
6956
6922
6957
6923
6958
6924
6959
6925
6960
6926
6961
6927
6962
6928
6963
6929
6964
6930
6965
6931
6966
6932
6967
6933
6968
6934
6969
6935
6970
6936
6971
6937
6972
6938
6973
6939
6974
6940
6975
6941
6976
6942
6977
6943
6978
6944
6979
6945
6980
6946
6981
6947
6982
6983
6949
6984
6950
6985
6951
6986
6952
6987
6953
6988
6954
6989
6955
6990
6956
6991
6957
6992
6958
6993
6959
6994
6960
6995
6961
6996
6962
6997
6963
6998
6964
6999
6965
7000
6966
7001
6967
7002
6968
7003
6969
7004
6970
7005
6971
7006
6972
7007
6973
7008
6974
7009
6975
7010
6976
7011
6977
7012
6978
7013
6979
7014
6980
7015
6981
7016
6982
7017
6983
7018
7019
6985
7020
6986
7021
6987
7022
6988
7023
6989
7024
6990
7025
6991
7026
6992
7027
6993
7028
6994
7029
6995
7030
6996
7031
6997
7032
6998
7033
6999
7034
7000
7035
7001
7036
7002
7037
7003
7038
7004
7039
7005
7040
7006
7041
7007
7042
7008
7043
7009
7044
7010
7045
7011
7046
7012
7047
7013
7048
7014
7049
7015
7050
7016
7051
7017
7052
7018
7053
7019
7054
7055
7021
7056
7022
7057
7023
7058
7024
7059
7025
7060
7026
7061
7027
7062
7028
7063
7029
7064
7030
7065
7031
7066
7032
7067
7033
7068
7034
7069
7035
7070
7036
7071
7037
7072
7038
7073
7039
7074
7040
7075
7041
7076
7042
7077
7043
7078
7044
7079
7045
7080
7046
7081
7047
7082
7048
7083
7049
7084
7050
7085
7051
7086
7052
7087
7053
7088
7054
7089
7055
7090
7091
7057
7092
7058
7093
7059
7094
7060
7095
7061
7096
7062
7097
7063
7098
7064
7099
7065
7100
7066
7101
7067
7102
7068
7103
7069
7104
7070
7105
7071
7106
7072
7107
7073
7108
7074
7109
7075
7110
7076
7111
7077
7112
7078
7113
7079
7114
7080
7115
7081
7116
7082
7117
7083
7118
7084
7119
7085
7120
7086
7121
7087
7122
7088
7123
7089
7124
7090
7125
7091
7126
7127
7093
7128
7094
7129
7095
7130
7096
7131
7097
7132
7098
7133
7099
7134
7100
7135
7101
7136
7102
7137
7103
7138
7104
7139
7105
7140
7106
7141
7107
7142
7108
7143
7109
7144
7110
7145
7111
7146
7112
7147
7113
7148
7114
7149
7115
7150
7116
7151
7117
7152
7118
7153
7119
7154
7120
7155
7121
7156
7122
7157
7123
7158
7124
7159
7125
7160
7126
7161
7127
7162
7163
7129
7164
7130
7165
7131
7166
7132
7167
7133
7168
7134
7169
7135
7170
7136
7171
7137
7172
7138
7173
7139
7174
7140
7175
7141
7176
7142
7177
7143
7178
7144
7179
7145
7180
7146
7181
7147
7182
7148
7183
7149
7184
7150
7185
7151
7186
7152
7187
7153
7188
7154
7189
7155
7190
7156
7191
7157
7192
7158
7193
7159
7194
7160
7195
7161
7196
7162
7197
7163
7198
7199
7165
7166
7167
7168
7169
7170
7171
7172
7173
7174
7175
7176
7177
7178
7179
7180
7181
7182
7183
7184
7185
7186
7187
7188
7189
7190
7191
7192
7193
7194
7195
7196
7197
7198
7199
)


// ************************************************************************* //
