/*--------------------------------*- C++ -*----------------------------------*\
| =========                 |                                                 |
| \\      /  F ield         | OpenFOAM: The Open Source CFD Toolbox           |
|  \\    /   O peration     | Version:  2406                                  |
|   \\  /    A nd           | Website:  www.openfoam.com                      |
|    \\/     M anipulation  |                                                 |
\*---------------------------------------------------------------------------*/
FoamFile
{
    version     2.0;
    format      ascii;
    arch        "LSB;label=32;scalar=64";
    note        "nPoints:4526  nCells:2160  nFaces:8742  nInternalFaces:4218";
    class       labelList;
    location    "constant/polyMesh";
    object      neighbour;
}
// * * * * * * * * * * * * * * * * * * * * * * * * * * * * * * * * * * * * * //


4218
(
1
72
2
73
3
74
4
75
5
76
6
77
7
78
8
79
9
80
10
81
11
82
12
83
13
84
14
85
15
86
16
87
17
88
18
89
19
90
20
91
21
92
22
93
23
94
24
95
25
96
26
97
27
98
28
99
29
100
30
101
31
102
32
103
33
104
34
105
35
106
36
107
37
108
38
109
39
110
40
111
41
112
42
113
43
114
44
115
45
116
46
117
47
118
48
119
49
120
50
121
51
122
52
123
53
124
54
125
55
126
56
127
57
128
58
129
59
130
60
131
61
132
62
133
63
134
64
135
65
136
66
137
67
138
68
139
69
140
70
141
71
142
143
73
144
74
145
75
146
76
147
77
148
78
149
79
150
80
151
81
152
82
153
83
154
84
155
85
156
86
157
87
158
88
159
89
160
90
161
91
162
92
163
93
164
94
165
95
166
96
167
97
168
98
169
99
170
100
171
101
172
102
173
103
174
104
175
105
176
106
177
107
178
108
179
109
180
110
181
111
182
112
183
113
184
114
185
115
186
116
187
117
188
118
189
119
190
120
191
121
192
122
193
123
194
124
195
125
196
126
197
127
198
128
199
129
200
130
201
131
202
132
203
133
204
134
205
135
206
136
207
137
208
138
209
139
210
140
211
141
212
142
213
143
214
215
145
216
146
217
147
218
148
219
149
220
150
221
151
222
152
223
153
224
154
225
155
226
156
227
157
228
158
229
159
230
160
231
161
232
162
233
163
234
164
235
165
236
166
237
167
238
168
239
169
240
170
241
171
242
172
243
173
244
174
245
175
246
176
247
177
248
178
249
179
250
180
251
181
252
182
253
183
254
184
255
185
256
186
257
187
258
188
259
189
260
190
261
191
262
192
263
193
264
194
265
195
266
196
267
197
268
198
269
199
270
200
271
201
272
202
273
203
274
204
275
205
276
206
277
207
278
208
279
209
280
210
281
211
282
212
283
213
284
214
285
215
286
287
217
288
218
289
219
290
220
291
221
292
222
293
223
294
224
295
225
296
226
297
227
298
228
299
229
300
230
301
231
302
232
303
233
304
234
305
235
306
236
307
237
308
238
309
239
310
240
311
241
312
242
313
243
314
244
315
245
316
246
317
247
318
248
319
249
320
250
321
251
322
252
323
253
324
254
325
255
326
256
327
257
328
258
329
259
330
260
331
261
332
262
333
263
334
264
335
265
336
266
337
267
338
268
339
269
340
270
341
271
342
272
343
273
344
274
345
275
346
276
347
277
348
278
349
279
350
280
351
281
352
282
353
283
354
284
355
285
356
286
357
287
358
359
289
360
290
361
291
362
292
363
293
364
294
365
295
366
296
367
297
368
298
369
299
370
300
371
301
372
302
373
303
374
304
375
305
376
306
377
307
378
308
379
309
380
310
381
311
382
312
383
313
384
314
385
315
386
316
387
317
388
318
389
319
390
320
391
321
392
322
393
323
394
324
395
325
396
326
397
327
398
328
399
329
400
330
401
331
402
332
403
333
404
334
405
335
406
336
407
337
408
338
409
339
410
340
411
341
412
342
413
343
414
344
415
345
416
346
417
347
418
348
419
349
420
350
421
351
422
352
423
353
424
354
425
355
426
356
427
357
428
358
429
359
430
431
361
432
362
433
363
434
364
435
365
436
366
437
367
438
368
439
369
440
370
441
371
442
372
443
373
444
374
445
375
446
376
447
377
448
378
449
379
450
380
451
381
452
382
453
383
454
384
455
385
456
386
457
387
458
388
459
389
460
390
461
391
462
392
463
393
464
394
465
395
466
396
467
397
468
398
469
399
470
400
471
401
472
402
473
403
474
404
475
405
476
406
477
407
478
408
479
409
480
410
481
411
482
412
483
413
484
414
485
415
486
416
487
417
488
418
489
419
490
420
491
421
492
422
493
423
494
424
495
425
496
426
497
427
498
428
499
429
500
430
501
431
502
503
433
504
434
505
435
506
436
507
437
508
438
509
439
510
440
511
441
512
442
513
443
514
444
515
445
516
446
517
447
518
448
519
449
520
450
521
451
522
452
523
453
524
454
525
455
526
456
527
457
528
458
529
459
530
460
531
461
532
462
533
463
534
464
535
465
536
466
537
467
538
468
539
469
540
470
541
471
542
472
543
473
544
474
545
475
546
476
547
477
548
478
549
479
550
480
551
481
552
482
553
483
554
484
555
485
556
486
557
487
558
488
559
489
560
490
561
491
562
492
563
493
564
494
565
495
566
496
567
497
568
498
569
499
570
500
571
501
572
502
573
503
574
575
505
576
506
577
507
578
508
579
509
580
510
581
511
582
512
583
513
584
514
585
515
586
516
587
517
588
518
589
519
590
520
591
521
592
522
593
523
594
524
595
525
596
526
597
527
598
528
599
529
600
530
601
531
602
532
603
533
604
534
605
535
606
536
607
537
608
538
609
539
610
540
611
541
612
542
613
543
614
544
615
545
616
546
617
547
618
548
619
549
620
550
621
551
622
552
623
553
624
554
625
555
626
556
627
557
628
558
629
559
630
560
631
561
632
562
633
563
634
564
635
565
636
566
637
567
638
568
639
569
640
570
641
571
642
572
643
573
644
574
645
575
646
647
577
648
578
649
579
650
580
651
581
652
582
653
583
654
584
655
585
656
586
657
587
658
588
659
589
660
590
661
591
662
592
663
593
664
594
665
595
666
596
667
597
668
598
669
599
670
600
671
601
672
602
673
603
674
604
675
605
676
606
677
607
678
608
679
609
680
610
681
611
682
612
683
613
684
614
685
615
686
616
687
617
688
618
689
619
690
620
691
621
692
622
693
623
694
624
695
625
696
626
697
627
698
628
699
629
700
630
701
631
702
632
703
633
704
634
705
635
706
636
707
637
708
638
709
639
710
640
711
641
712
642
713
643
714
644
715
645
716
646
717
647
718
719
649
720
650
721
651
722
652
723
653
724
654
725
655
726
656
727
657
728
658
729
659
730
660
731
661
732
662
733
663
734
664
735
665
736
666
737
667
738
668
739
669
740
670
741
671
742
672
743
673
744
674
745
675
746
676
747
677
748
678
749
679
750
680
751
681
752
682
753
683
754
684
755
685
756
686
757
687
758
688
759
689
760
690
761
691
762
692
763
693
764
694
765
695
766
696
767
697
768
698
769
699
770
700
771
701
772
702
773
703
774
704
775
705
776
706
777
707
778
708
779
709
780
710
781
711
782
712
783
713
784
714
785
715
786
716
787
717
788
718
789
719
790
791
721
792
722
793
723
794
724
795
725
796
726
797
727
798
728
799
729
800
730
801
731
802
732
803
733
804
734
805
735
806
736
807
737
808
738
809
739
810
740
811
741
812
742
813
743
814
744
815
745
816
746
817
747
818
748
819
749
820
750
821
751
822
752
823
753
824
754
825
755
826
756
827
757
828
758
829
759
830
760
831
761
832
762
833
763
834
764
835
765
836
766
837
767
838
768
839
769
840
770
841
771
842
772
843
773
844
774
845
775
846
776
847
777
848
778
849
779
850
780
851
781
852
782
853
783
854
784
855
785
856
786
857
787
858
788
859
789
860
790
861
791
862
863
793
864
794
865
795
866
796
867
797
868
798
869
799
870
800
871
801
872
802
873
803
874
804
875
805
876
806
877
807
878
808
879
809
880
810
881
811
882
812
883
813
884
814
885
815
886
816
887
817
888
818
889
819
890
820
891
821
892
822
893
823
894
824
895
825
896
826
897
827
898
828
899
829
900
830
901
831
902
832
903
833
904
834
905
835
906
836
907
837
908
838
909
839
910
840
911
841
912
842
913
843
914
844
915
845
916
846
917
847
918
848
919
849
920
850
921
851
922
852
923
853
924
854
925
855
926
856
927
857
928
858
929
859
930
860
931
861
932
862
933
863
934
935
865
936
866
937
867
938
868
939
869
940
870
941
871
942
872
943
873
944
874
945
875
946
876
947
877
948
878
949
879
950
880
951
881
952
882
953
883
954
884
955
885
956
886
957
887
958
888
959
889
960
890
961
891
962
892
963
893
964
894
965
895
966
896
967
897
968
898
969
899
970
900
971
901
972
902
973
903
974
904
975
905
976
906
977
907
978
908
979
909
980
910
981
911
982
912
983
913
984
914
985
915
986
916
987
917
988
918
989
919
990
920
991
921
992
922
993
923
994
924
995
925
996
926
997
927
998
928
999
929
1000
930
1001
931
1002
932
1003
933
1004
934
1005
935
1006
1007
937
1008
938
1009
939
1010
940
1011
941
1012
942
1013
943
1014
944
1015
945
1016
946
1017
947
1018
948
1019
949
1020
950
1021
951
1022
952
1023
953
1024
954
1025
955
1026
956
1027
957
1028
958
1029
959
1030
960
1031
961
1032
962
1033
963
1034
964
1035
965
1036
966
1037
967
1038
968
1039
969
1040
970
1041
971
1042
972
1043
973
1044
974
1045
975
1046
976
1047
977
1048
978
1049
979
1050
980
1051
981
1052
982
1053
983
1054
984
1055
985
1056
986
1057
987
1058
988
1059
989
1060
990
1061
991
1062
992
1063
993
1064
994
1065
995
1066
996
1067
997
1068
998
1069
999
1070
1000
1071
1001
1072
1002
1073
1003
1074
1004
1075
1005
1076
1006
1077
1007
1078
1079
1009
1080
1010
1081
1011
1082
1012
1083
1013
1084
1014
1085
1015
1086
1016
1087
1017
1088
1018
1089
1019
1090
1020
1091
1021
1092
1022
1093
1023
1094
1024
1095
1025
1096
1026
1097
1027
1098
1028
1099
1029
1100
1030
1101
1031
1102
1032
1103
1033
1104
1034
1105
1035
1106
1036
1107
1037
1108
1038
1109
1039
1110
1040
1111
1041
1112
1042
1113
1043
1114
1044
1115
1045
1116
1046
1117
1047
1118
1048
1119
1049
1120
1050
1121
1051
1122
1052
1123
1053
1124
1054
1125
1055
1126
1056
1127
1057
1128
1058
1129
1059
1130
1060
1131
1061
1132
1062
1133
1063
1134
1064
1135
1065
1136
1066
1137
1067
1138
1068
1139
1069
1140
1070
1141
1071
1142
1072
1143
1073
1144
1074
1145
1075
1146
1076
1147
1077
1148
1078
1149
1079
1150
1151
1081
1152
1082
1153
1083
1154
1084
1155
1085
1156
1086
1157
1087
1158
1088
1159
1089
1160
1090
1161
1091
1162
1092
1163
1093
1164
1094
1165
1095
1166
1096
1167
1097
1168
1098
1169
1099
1170
1100
1171
1101
1172
1102
1173
1103
1174
1104
1175
1105
1176
1106
1177
1107
1178
1108
1179
1109
1180
1110
1181
1111
1182
1112
1183
1113
1184
1114
1185
1115
1186
1116
1187
1117
1188
1118
1189
1119
1190
1120
1191
1121
1192
1122
1193
1123
1194
1124
1195
1125
1196
1126
1197
1127
1198
1128
1199
1129
1200
1130
1201
1131
1202
1132
1203
1133
1204
1134
1205
1135
1206
1136
1207
1137
1208
1138
1209
1139
1210
1140
1211
1141
1212
1142
1213
1143
1214
1144
1215
1145
1216
1146
1217
1147
1218
1148
1219
1149
1220
1150
1221
1151
1222
1223
1153
1224
1154
1225
1155
1226
1156
1227
1157
1228
1158
1229
1159
1230
1160
1231
1161
1232
1162
1233
1163
1234
1164
1235
1165
1236
1166
1237
1167
1238
1168
1239
1169
1240
1170
1241
1171
1242
1172
1243
1173
1244
1174
1245
1175
1246
1176
1247
1177
1248
1178
1249
1179
1250
1180
1251
1181
1252
1182
1253
1183
1254
1184
1255
1185
1256
1186
1257
1187
1258
1188
1259
1189
1260
1190
1261
1191
1262
1192
1263
1193
1264
1194
1265
1195
1266
1196
1267
1197
1268
1198
1269
1199
1270
1200
1271
1201
1272
1202
1273
1203
1274
1204
1275
1205
1276
1206
1277
1207
1278
1208
1279
1209
1280
1210
1281
1211
1282
1212
1283
1213
1284
1214
1285
1215
1286
1216
1287
1217
1288
1218
1289
1219
1290
1220
1291
1221
1292
1222
1293
1223
1294
1295
1225
1296
1226
1297
1227
1298
1228
1299
1229
1300
1230
1301
1231
1302
1232
1303
1233
1304
1234
1305
1235
1306
1236
1307
1237
1308
1238
1309
1239
1310
1240
1311
1241
1312
1242
1313
1243
1314
1244
1315
1245
1316
1246
1317
1247
1318
1248
1319
1249
1320
1250
1321
1251
1322
1252
1323
1253
1324
1254
1325
1255
1326
1256
1327
1257
1328
1258
1329
1259
1330
1260
1331
1261
1332
1262
1333
1263
1334
1264
1335
1265
1336
1266
1337
1267
1338
1268
1339
1269
1340
1270
1341
1271
1342
1272
1343
1273
1344
1274
1345
1275
1346
1276
1347
1277
1348
1278
1349
1279
1350
1280
1351
1281
1352
1282
1353
1283
1354
1284
1355
1285
1356
1286
1357
1287
1358
1288
1359
1289
1360
1290
1361
1291
1362
1292
1363
1293
1364
1294
1365
1295
1366
1367
1297
1368
1298
1369
1299
1370
1300
1371
1301
1372
1302
1373
1303
1374
1304
1375
1305
1376
1306
1377
1307
1378
1308
1379
1309
1380
1310
1381
1311
1382
1312
1383
1313
1384
1314
1385
1315
1386
1316
1387
1317
1388
1318
1389
1319
1390
1320
1391
1321
1392
1322
1393
1323
1394
1324
1395
1325
1396
1326
1397
1327
1398
1328
1399
1329
1400
1330
1401
1331
1402
1332
1403
1333
1404
1334
1405
1335
1406
1336
1407
1337
1408
1338
1409
1339
1410
1340
1411
1341
1412
1342
1413
1343
1414
1344
1415
1345
1416
1346
1417
1347
1418
1348
1419
1349
1420
1350
1421
1351
1422
1352
1423
1353
1424
1354
1425
1355
1426
1356
1427
1357
1428
1358
1429
1359
1430
1360
1431
1361
1432
1362
1433
1363
1434
1364
1435
1365
1436
1366
1437
1367
1438
1439
1369
1440
1370
1441
1371
1442
1372
1443
1373
1444
1374
1445
1375
1446
1376
1447
1377
1448
1378
1449
1379
1450
1380
1451
1381
1452
1382
1453
1383
1454
1384
1455
1385
1456
1386
1457
1387
1458
1388
1459
1389
1460
1390
1461
1391
1462
1392
1463
1393
1464
1394
1465
1395
1466
1396
1467
1397
1468
1398
1469
1399
1470
1400
1471
1401
1472
1402
1473
1403
1474
1404
1475
1405
1476
1406
1477
1407
1478
1408
1479
1409
1480
1410
1481
1411
1482
1412
1483
1413
1484
1414
1485
1415
1486
1416
1487
1417
1488
1418
1489
1419
1490
1420
1491
1421
1492
1422
1493
1423
1494
1424
1495
1425
1496
1426
1497
1427
1498
1428
1499
1429
1500
1430
1501
1431
1502
1432
1503
1433
1504
1434
1505
1435
1506
1436
1507
1437
1508
1438
1509
1439
1510
1511
1441
1512
1442
1513
1443
1514
1444
1515
1445
1516
1446
1517
1447
1518
1448
1519
1449
1520
1450
1521
1451
1522
1452
1523
1453
1524
1454
1525
1455
1526
1456
1527
1457
1528
1458
1529
1459
1530
1460
1531
1461
1532
1462
1533
1463
1534
1464
1535
1465
1536
1466
1537
1467
1538
1468
1539
1469
1540
1470
1541
1471
1542
1472
1543
1473
1544
1474
1545
1475
1546
1476
1547
1477
1548
1478
1549
1479
1550
1480
1551
1481
1552
1482
1553
1483
1554
1484
1555
1485
1556
1486
1557
1487
1558
1488
1559
1489
1560
1490
1561
1491
1562
1492
1563
1493
1564
1494
1565
1495
1566
1496
1567
1497
1568
1498
1569
1499
1570
1500
1571
1501
1572
1502
1573
1503
1574
1504
1575
1505
1576
1506
1577
1507
1578
1508
1579
1509
1580
1510
1581
1511
1582
1583
1513
1584
1514
1585
1515
1586
1516
1587
1517
1588
1518
1589
1519
1590
1520
1591
1521
1592
1522
1593
1523
1594
1524
1595
1525
1596
1526
1597
1527
1598
1528
1599
1529
1600
1530
1601
1531
1602
1532
1603
1533
1604
1534
1605
1535
1606
1536
1607
1537
1608
1538
1609
1539
1610
1540
1611
1541
1612
1542
1613
1543
1614
1544
1615
1545
1616
1546
1617
1547
1618
1548
1619
1549
1620
1550
1621
1551
1622
1552
1623
1553
1624
1554
1625
1555
1626
1556
1627
1557
1628
1558
1629
1559
1630
1560
1631
1561
1632
1562
1633
1563
1634
1564
1635
1565
1636
1566
1637
1567
1638
1568
1639
1569
1640
1570
1641
1571
1642
1572
1643
1573
1644
1574
1645
1575
1646
1576
1647
1577
1648
1578
1649
1579
1650
1580
1651
1581
1652
1582
1653
1583
1654
1655
1585
1656
1586
1657
1587
1658
1588
1659
1589
1660
1590
1661
1591
1662
1592
1663
1593
1664
1594
1665
1595
1666
1596
1667
1597
1668
1598
1669
1599
1670
1600
1671
1601
1672
1602
1673
1603
1674
1604
1675
1605
1676
1606
1677
1607
1678
1608
1679
1609
1680
1610
1681
1611
1682
1612
1683
1613
1684
1614
1685
1615
1686
1616
1687
1617
1688
1618
1689
1619
1690
1620
1691
1621
1692
1622
1693
1623
1694
1624
1695
1625
1696
1626
1697
1627
1698
1628
1699
1629
1700
1630
1701
1631
1702
1632
1703
1633
1704
1634
1705
1635
1706
1636
1707
1637
1708
1638
1709
1639
1710
1640
1711
1641
1712
1642
1713
1643
1714
1644
1715
1645
1716
1646
1717
1647
1718
1648
1719
1649
1720
1650
1721
1651
1722
1652
1723
1653
1724
1654
1725
1655
1726
1727
1657
1728
1658
1729
1659
1730
1660
1731
1661
1732
1662
1733
1663
1734
1664
1735
1665
1736
1666
1737
1667
1738
1668
1739
1669
1740
1670
1741
1671
1742
1672
1743
1673
1744
1674
1745
1675
1746
1676
1747
1677
1748
1678
1749
1679
1750
1680
1751
1681
1752
1682
1753
1683
1754
1684
1755
1685
1756
1686
1757
1687
1758
1688
1759
1689
1760
1690
1761
1691
1762
1692
1763
1693
1764
1694
1765
1695
1766
1696
1767
1697
1768
1698
1769
1699
1770
1700
1771
1701
1772
1702
1773
1703
1774
1704
1775
1705
1776
1706
1777
1707
1778
1708
1779
1709
1780
1710
1781
1711
1782
1712
1783
1713
1784
1714
1785
1715
1786
1716
1787
1717
1788
1718
1789
1719
1790
1720
1791
1721
1792
1722
1793
1723
1794
1724
1795
1725
1796
1726
1797
1727
1798
1799
1729
1800
1730
1801
1731
1802
1732
1803
1733
1804
1734
1805
1735
1806
1736
1807
1737
1808
1738
1809
1739
1810
1740
1811
1741
1812
1742
1813
1743
1814
1744
1815
1745
1816
1746
1817
1747
1818
1748
1819
1749
1820
1750
1821
1751
1822
1752
1823
1753
1824
1754
1825
1755
1826
1756
1827
1757
1828
1758
1829
1759
1830
1760
1831
1761
1832
1762
1833
1763
1834
1764
1835
1765
1836
1766
1837
1767
1838
1768
1839
1769
1840
1770
1841
1771
1842
1772
1843
1773
1844
1774
1845
1775
1846
1776
1847
1777
1848
1778
1849
1779
1850
1780
1851
1781
1852
1782
1853
1783
1854
1784
1855
1785
1856
1786
1857
1787
1858
1788
1859
1789
1860
1790
1861
1791
1862
1792
1863
1793
1864
1794
1865
1795
1866
1796
1867
1797
1868
1798
1869
1799
1870
1871
1801
1872
1802
1873
1803
1874
1804
1875
1805
1876
1806
1877
1807
1878
1808
1879
1809
1880
1810
1881
1811
1882
1812
1883
1813
1884
1814
1885
1815
1886
1816
1887
1817
1888
1818
1889
1819
1890
1820
1891
1821
1892
1822
1893
1823
1894
1824
1895
1825
1896
1826
1897
1827
1898
1828
1899
1829
1900
1830
1901
1831
1902
1832
1903
1833
1904
1834
1905
1835
1906
1836
1907
1837
1908
1838
1909
1839
1910
1840
1911
1841
1912
1842
1913
1843
1914
1844
1915
1845
1916
1846
1917
1847
1918
1848
1919
1849
1920
1850
1921
1851
1922
1852
1923
1853
1924
1854
1925
1855
1926
1856
1927
1857
1928
1858
1929
1859
1930
1860
1931
1861
1932
1862
1933
1863
1934
1864
1935
1865
1936
1866
1937
1867
1938
1868
1939
1869
1940
1870
1941
1871
1942
1943
1873
1944
1874
1945
1875
1946
1876
1947
1877
1948
1878
1949
1879
1950
1880
1951
1881
1952
1882
1953
1883
1954
1884
1955
1885
1956
1886
1957
1887
1958
1888
1959
1889
1960
1890
1961
1891
1962
1892
1963
1893
1964
1894
1965
1895
1966
1896
1967
1897
1968
1898
1969
1899
1970
1900
1971
1901
1972
1902
1973
1903
1974
1904
1975
1905
1976
1906
1977
1907
1978
1908
1979
1909
1980
1910
1981
1911
1982
1912
1983
1913
1984
1914
1985
1915
1986
1916
1987
1917
1988
1918
1989
1919
1990
1920
1991
1921
1992
1922
1993
1923
1994
1924
1995
1925
1996
1926
1997
1927
1998
1928
1999
1929
2000
1930
2001
1931
2002
1932
2003
1933
2004
1934
2005
1935
2006
1936
2007
1937
2008
1938
2009
1939
2010
1940
2011
1941
2012
1942
2013
1943
2014
2015
1945
2016
1946
2017
1947
2018
1948
2019
1949
2020
1950
2021
1951
2022
1952
2023
1953
2024
1954
2025
1955
2026
1956
2027
1957
2028
1958
2029
1959
2030
1960
2031
1961
2032
1962
2033
1963
2034
1964
2035
1965
2036
1966
2037
1967
2038
1968
2039
1969
2040
1970
2041
1971
2042
1972
2043
1973
2044
1974
2045
1975
2046
1976
2047
1977
2048
1978
2049
1979
2050
1980
2051
1981
2052
1982
2053
1983
2054
1984
2055
1985
2056
1986
2057
1987
2058
1988
2059
1989
2060
1990
2061
1991
2062
1992
2063
1993
2064
1994
2065
1995
2066
1996
2067
1997
2068
1998
2069
1999
2070
2000
2071
2001
2072
2002
2073
2003
2074
2004
2075
2005
2076
2006
2077
2007
2078
2008
2079
2009
2080
2010
2081
2011
2082
2012
2083
2013
2084
2014
2085
2015
2086
2087
2017
2088
2018
2089
2019
2090
2020
2091
2021
2092
2022
2093
2023
2094
2024
2095
2025
2096
2026
2097
2027
2098
2028
2099
2029
2100
2030
2101
2031
2102
2032
2103
2033
2104
2034
2105
2035
2106
2036
2107
2037
2108
2038
2109
2039
2110
2040
2111
2041
2112
2042
2113
2043
2114
2044
2115
2045
2116
2046
2117
2047
2118
2048
2119
2049
2120
2050
2121
2051
2122
2052
2123
2053
2124
2054
2125
2055
2126
2056
2127
2057
2128
2058
2129
2059
2130
2060
2131
2061
2132
2062
2133
2063
2134
2064
2135
2065
2136
2066
2137
2067
2138
2068
2139
2069
2140
2070
2141
2071
2142
2072
2143
2073
2144
2074
2145
2075
2146
2076
2147
2077
2148
2078
2149
2079
2150
2080
2151
2081
2152
2082
2153
2083
2154
2084
2155
2085
2156
2086
2157
2087
2158
2159
2089
2090
2091
2092
2093
2094
2095
2096
2097
2098
2099
2100
2101
2102
2103
2104
2105
2106
2107
2108
2109
2110
2111
2112
2113
2114
2115
2116
2117
2118
2119
2120
2121
2122
2123
2124
2125
2126
2127
2128
2129
2130
2131
2132
2133
2134
2135
2136
2137
2138
2139
2140
2141
2142
2143
2144
2145
2146
2147
2148
2149
2150
2151
2152
2153
2154
2155
2156
2157
2158
2159
)


// ************************************************************************* //
