/*--------------------------------*- C++ -*----------------------------------*\
| =========                 |                                                 |
| \\      /  F ield         | OpenFOAM: The Open Source CFD Toolbox           |
|  \\    /   O peration     | Version:  2406                                  |
|   \\  /    A nd           | Website:  www.openfoam.com                      |
|    \\/     M anipulation  |                                                 |
\*---------------------------------------------------------------------------*/
FoamFile
{
    version     2.0;
    format      ascii;
    arch        "LSB;label=32;scalar=64";
    class       vectorField;
    location    "constant/polyMesh";
    object      points;
}
// * * * * * * * * * * * * * * * * * * * * * * * * * * * * * * * * * * * * * //


4526
(
(0 0 0.5)
(1 0 0.5)
(0 0.005 0.5)
(1 0.005 0.5)
(0 0.01 0.5)
(1 0.01 0.5)
(0 0.015 0.5)
(1 0.015 0.5)
(0 0.02 0.5)
(1 0.02 0.5)
(0 0.025 0.5)
(1 0.025 0.5)
(0 0.03 0.5)
(1 0.03 0.5)
(0 0.035 0.5)
(1 0.035 0.5)
(0 0.04 0.5)
(1 0.04 0.5)
(0 0.045 0.5)
(1 0.045 0.5)
(0 0.05 0.5)
(1 0.05 0.5)
(0 0.055 0.5)
(1 0.055 0.5)
(0 0.06 0.5)
(1 0.06 0.5)
(0 0.065 0.5)
(1 0.065 0.5)
(0 0.07 0.5)
(1 0.07 0.5)
(0 0.075 0.5)
(1 0.075 0.5)
(0 0.08 0.5)
(1 0.08 0.5)
(0 0.085 0.5)
(1 0.085 0.5)
(0 0.09 0.5)
(1 0.09 0.5)
(0 0.095 0.5)
(1 0.095 0.5)
(0 0.1 0.5)
(1 0.1 0.5)
(0 0.105 0.5)
(1 0.105 0.5)
(0 0.11 0.5)
(1 0.11 0.5)
(0 0.115 0.5)
(1 0.115 0.5)
(0 0.12 0.5)
(1 0.12 0.5)
(0 0.125 0.5)
(1 0.125 0.5)
(0 0.13 0.5)
(1 0.13 0.5)
(0 0.135 0.5)
(1 0.135 0.5)
(0 0.14 0.5)
(1 0.14 0.5)
(0 0.145 0.5)
(1 0.145 0.5)
(0 0.15 0.5)
(1 0.15 0.5)
(0 0.155 0.5)
(1 0.155 0.5)
(0 0.16 0.5)
(1 0.16 0.5)
(0 0.165 0.5)
(1 0.165 0.5)
(0 0.17 0.5)
(1 0.17 0.5)
(0 0.175 0.5)
(1 0.175 0.5)
(0 0.18 0.5)
(1 0.18 0.5)
(0 0.185 0.5)
(1 0.185 0.5)
(0 0.19 0.5)
(1 0.19 0.5)
(0 0.195 0.5)
(1 0.195 0.5)
(0 0.2 0.5)
(1 0.2 0.5)
(0 0.205 0.5)
(1 0.205 0.5)
(0 0.21 0.5)
(1 0.21 0.5)
(0 0.215 0.5)
(1 0.215 0.5)
(0 0.22 0.5)
(1 0.22 0.5)
(0 0.225 0.5)
(1 0.225 0.5)
(0 0.23 0.5)
(1 0.23 0.5)
(0 0.235 0.5)
(1 0.235 0.5)
(0 0.24 0.5)
(1 0.24 0.5)
(0 0.245 0.5)
(1 0.245 0.5)
(0 0.25 0.5)
(1 0.25 0.5)
(0 0.255 0.5)
(1 0.255 0.5)
(0 0.26 0.5)
(1 0.26 0.5)
(0 0.265 0.5)
(1 0.265 0.5)
(0 0.27 0.5)
(1 0.27 0.5)
(0 0.275 0.5)
(1 0.275 0.5)
(0 0.28 0.5)
(1 0.28 0.5)
(0 0.285 0.5)
(1 0.285 0.5)
(0 0.29 0.5)
(1 0.29 0.5)
(0 0.295 0.5)
(1 0.295 0.5)
(0 0.3 0.5)
(1 0.3 0.5)
(0 0.305 0.5)
(1 0.305 0.5)
(0 0.31 0.5)
(1 0.31 0.5)
(0 0.315 0.5)
(1 0.315 0.5)
(0 0.32 0.5)
(1 0.32 0.5)
(0 0.325 0.5)
(1 0.325 0.5)
(0 0.33 0.5)
(1 0.33 0.5)
(0 0.335 0.5)
(1 0.335 0.5)
(0 0.34 0.5)
(1 0.34 0.5)
(0 0.345 0.5)
(1 0.345 0.5)
(0 0.35 0.5)
(1 0.35 0.5)
(0 0.355 0.5)
(1 0.355 0.5)
(0 0.36 0.5)
(1 0.36 0.5)
(0 0 0.5166666667)
(1 0 0.5166666667)
(0 0.005 0.5166666667)
(1 0.005 0.5166666667)
(0 0.01 0.5166666667)
(1 0.01 0.5166666667)
(0 0.015 0.5166666667)
(1 0.015 0.5166666667)
(0 0.02 0.5166666667)
(1 0.02 0.5166666667)
(0 0.025 0.5166666667)
(1 0.025 0.5166666667)
(0 0.03 0.5166666667)
(1 0.03 0.5166666667)
(0 0.035 0.5166666667)
(1 0.035 0.5166666667)
(0 0.04 0.5166666667)
(1 0.04 0.5166666667)
(0 0.045 0.5166666667)
(1 0.045 0.5166666667)
(0 0.05 0.5166666667)
(1 0.05 0.5166666667)
(0 0.055 0.5166666667)
(1 0.055 0.5166666667)
(0 0.06 0.5166666667)
(1 0.06 0.5166666667)
(0 0.065 0.5166666667)
(1 0.065 0.5166666667)
(0 0.07 0.5166666667)
(1 0.07 0.5166666667)
(0 0.075 0.5166666667)
(1 0.075 0.5166666667)
(0 0.08 0.5166666667)
(1 0.08 0.5166666667)
(0 0.085 0.5166666667)
(1 0.085 0.5166666667)
(0 0.09 0.5166666667)
(1 0.09 0.5166666667)
(0 0.095 0.5166666667)
(1 0.095 0.5166666667)
(0 0.1 0.5166666667)
(1 0.1 0.5166666667)
(0 0.105 0.5166666667)
(1 0.105 0.5166666667)
(0 0.11 0.5166666667)
(1 0.11 0.5166666667)
(0 0.115 0.5166666667)
(1 0.115 0.5166666667)
(0 0.12 0.5166666667)
(1 0.12 0.5166666667)
(0 0.125 0.5166666667)
(1 0.125 0.5166666667)
(0 0.13 0.5166666667)
(1 0.13 0.5166666667)
(0 0.135 0.5166666667)
(1 0.135 0.5166666667)
(0 0.14 0.5166666667)
(1 0.14 0.5166666667)
(0 0.145 0.5166666667)
(1 0.145 0.5166666667)
(0 0.15 0.5166666667)
(1 0.15 0.5166666667)
(0 0.155 0.5166666667)
(1 0.155 0.5166666667)
(0 0.16 0.5166666667)
(1 0.16 0.5166666667)
(0 0.165 0.5166666667)
(1 0.165 0.5166666667)
(0 0.17 0.5166666667)
(1 0.17 0.5166666667)
(0 0.175 0.5166666667)
(1 0.175 0.5166666667)
(0 0.18 0.5166666667)
(1 0.18 0.5166666667)
(0 0.185 0.5166666667)
(1 0.185 0.5166666667)
(0 0.19 0.5166666667)
(1 0.19 0.5166666667)
(0 0.195 0.5166666667)
(1 0.195 0.5166666667)
(0 0.2 0.5166666667)
(1 0.2 0.5166666667)
(0 0.205 0.5166666667)
(1 0.205 0.5166666667)
(0 0.21 0.5166666667)
(1 0.21 0.5166666667)
(0 0.215 0.5166666667)
(1 0.215 0.5166666667)
(0 0.22 0.5166666667)
(1 0.22 0.5166666667)
(0 0.225 0.5166666667)
(1 0.225 0.5166666667)
(0 0.23 0.5166666667)
(1 0.23 0.5166666667)
(0 0.235 0.5166666667)
(1 0.235 0.5166666667)
(0 0.24 0.5166666667)
(1 0.24 0.5166666667)
(0 0.245 0.5166666667)
(1 0.245 0.5166666667)
(0 0.25 0.5166666667)
(1 0.25 0.5166666667)
(0 0.255 0.5166666667)
(1 0.255 0.5166666667)
(0 0.26 0.5166666667)
(1 0.26 0.5166666667)
(0 0.265 0.5166666667)
(1 0.265 0.5166666667)
(0 0.27 0.5166666667)
(1 0.27 0.5166666667)
(0 0.275 0.5166666667)
(1 0.275 0.5166666667)
(0 0.28 0.5166666667)
(1 0.28 0.5166666667)
(0 0.285 0.5166666667)
(1 0.285 0.5166666667)
(0 0.29 0.5166666667)
(1 0.29 0.5166666667)
(0 0.295 0.5166666667)
(1 0.295 0.5166666667)
(0 0.3 0.5166666667)
(1 0.3 0.5166666667)
(0 0.305 0.5166666667)
(1 0.305 0.5166666667)
(0 0.31 0.5166666667)
(1 0.31 0.5166666667)
(0 0.315 0.5166666667)
(1 0.315 0.5166666667)
(0 0.32 0.5166666667)
(1 0.32 0.5166666667)
(0 0.325 0.5166666667)
(1 0.325 0.5166666667)
(0 0.33 0.5166666667)
(1 0.33 0.5166666667)
(0 0.335 0.5166666667)
(1 0.335 0.5166666667)
(0 0.34 0.5166666667)
(1 0.34 0.5166666667)
(0 0.345 0.5166666667)
(1 0.345 0.5166666667)
(0 0.35 0.5166666667)
(1 0.35 0.5166666667)
(0 0.355 0.5166666667)
(1 0.355 0.5166666667)
(0 0.36 0.5166666667)
(1 0.36 0.5166666667)
(0 0 0.5333333333)
(1 0 0.5333333333)
(0 0.005 0.5333333333)
(1 0.005 0.5333333333)
(0 0.01 0.5333333333)
(1 0.01 0.5333333333)
(0 0.015 0.5333333333)
(1 0.015 0.5333333333)
(0 0.02 0.5333333333)
(1 0.02 0.5333333333)
(0 0.025 0.5333333333)
(1 0.025 0.5333333333)
(0 0.03 0.5333333333)
(1 0.03 0.5333333333)
(0 0.035 0.5333333333)
(1 0.035 0.5333333333)
(0 0.04 0.5333333333)
(1 0.04 0.5333333333)
(0 0.045 0.5333333333)
(1 0.045 0.5333333333)
(0 0.05 0.5333333333)
(1 0.05 0.5333333333)
(0 0.055 0.5333333333)
(1 0.055 0.5333333333)
(0 0.06 0.5333333333)
(1 0.06 0.5333333333)
(0 0.065 0.5333333333)
(1 0.065 0.5333333333)
(0 0.07 0.5333333333)
(1 0.07 0.5333333333)
(0 0.075 0.5333333333)
(1 0.075 0.5333333333)
(0 0.08 0.5333333333)
(1 0.08 0.5333333333)
(0 0.085 0.5333333333)
(1 0.085 0.5333333333)
(0 0.09 0.5333333333)
(1 0.09 0.5333333333)
(0 0.095 0.5333333333)
(1 0.095 0.5333333333)
(0 0.1 0.5333333333)
(1 0.1 0.5333333333)
(0 0.105 0.5333333333)
(1 0.105 0.5333333333)
(0 0.11 0.5333333333)
(1 0.11 0.5333333333)
(0 0.115 0.5333333333)
(1 0.115 0.5333333333)
(0 0.12 0.5333333333)
(1 0.12 0.5333333333)
(0 0.125 0.5333333333)
(1 0.125 0.5333333333)
(0 0.13 0.5333333333)
(1 0.13 0.5333333333)
(0 0.135 0.5333333333)
(1 0.135 0.5333333333)
(0 0.14 0.5333333333)
(1 0.14 0.5333333333)
(0 0.145 0.5333333333)
(1 0.145 0.5333333333)
(0 0.15 0.5333333333)
(1 0.15 0.5333333333)
(0 0.155 0.5333333333)
(1 0.155 0.5333333333)
(0 0.16 0.5333333333)
(1 0.16 0.5333333333)
(0 0.165 0.5333333333)
(1 0.165 0.5333333333)
(0 0.17 0.5333333333)
(1 0.17 0.5333333333)
(0 0.175 0.5333333333)
(1 0.175 0.5333333333)
(0 0.18 0.5333333333)
(1 0.18 0.5333333333)
(0 0.185 0.5333333333)
(1 0.185 0.5333333333)
(0 0.19 0.5333333333)
(1 0.19 0.5333333333)
(0 0.195 0.5333333333)
(1 0.195 0.5333333333)
(0 0.2 0.5333333333)
(1 0.2 0.5333333333)
(0 0.205 0.5333333333)
(1 0.205 0.5333333333)
(0 0.21 0.5333333333)
(1 0.21 0.5333333333)
(0 0.215 0.5333333333)
(1 0.215 0.5333333333)
(0 0.22 0.5333333333)
(1 0.22 0.5333333333)
(0 0.225 0.5333333333)
(1 0.225 0.5333333333)
(0 0.23 0.5333333333)
(1 0.23 0.5333333333)
(0 0.235 0.5333333333)
(1 0.235 0.5333333333)
(0 0.24 0.5333333333)
(1 0.24 0.5333333333)
(0 0.245 0.5333333333)
(1 0.245 0.5333333333)
(0 0.25 0.5333333333)
(1 0.25 0.5333333333)
(0 0.255 0.5333333333)
(1 0.255 0.5333333333)
(0 0.26 0.5333333333)
(1 0.26 0.5333333333)
(0 0.265 0.5333333333)
(1 0.265 0.5333333333)
(0 0.27 0.5333333333)
(1 0.27 0.5333333333)
(0 0.275 0.5333333333)
(1 0.275 0.5333333333)
(0 0.28 0.5333333333)
(1 0.28 0.5333333333)
(0 0.285 0.5333333333)
(1 0.285 0.5333333333)
(0 0.29 0.5333333333)
(1 0.29 0.5333333333)
(0 0.295 0.5333333333)
(1 0.295 0.5333333333)
(0 0.3 0.5333333333)
(1 0.3 0.5333333333)
(0 0.305 0.5333333333)
(1 0.305 0.5333333333)
(0 0.31 0.5333333333)
(1 0.31 0.5333333333)
(0 0.315 0.5333333333)
(1 0.315 0.5333333333)
(0 0.32 0.5333333333)
(1 0.32 0.5333333333)
(0 0.325 0.5333333333)
(1 0.325 0.5333333333)
(0 0.33 0.5333333333)
(1 0.33 0.5333333333)
(0 0.335 0.5333333333)
(1 0.335 0.5333333333)
(0 0.34 0.5333333333)
(1 0.34 0.5333333333)
(0 0.345 0.5333333333)
(1 0.345 0.5333333333)
(0 0.35 0.5333333333)
(1 0.35 0.5333333333)
(0 0.355 0.5333333333)
(1 0.355 0.5333333333)
(0 0.36 0.5333333333)
(1 0.36 0.5333333333)
(0 0 0.55)
(1 0 0.55)
(0 0.005 0.55)
(1 0.005 0.55)
(0 0.01 0.55)
(1 0.01 0.55)
(0 0.015 0.55)
(1 0.015 0.55)
(0 0.02 0.55)
(1 0.02 0.55)
(0 0.025 0.55)
(1 0.025 0.55)
(0 0.03 0.55)
(1 0.03 0.55)
(0 0.035 0.55)
(1 0.035 0.55)
(0 0.04 0.55)
(1 0.04 0.55)
(0 0.045 0.55)
(1 0.045 0.55)
(0 0.05 0.55)
(1 0.05 0.55)
(0 0.055 0.55)
(1 0.055 0.55)
(0 0.06 0.55)
(1 0.06 0.55)
(0 0.065 0.55)
(1 0.065 0.55)
(0 0.07 0.55)
(1 0.07 0.55)
(0 0.075 0.55)
(1 0.075 0.55)
(0 0.08 0.55)
(1 0.08 0.55)
(0 0.085 0.55)
(1 0.085 0.55)
(0 0.09 0.55)
(1 0.09 0.55)
(0 0.095 0.55)
(1 0.095 0.55)
(0 0.1 0.55)
(1 0.1 0.55)
(0 0.105 0.55)
(1 0.105 0.55)
(0 0.11 0.55)
(1 0.11 0.55)
(0 0.115 0.55)
(1 0.115 0.55)
(0 0.12 0.55)
(1 0.12 0.55)
(0 0.125 0.55)
(1 0.125 0.55)
(0 0.13 0.55)
(1 0.13 0.55)
(0 0.135 0.55)
(1 0.135 0.55)
(0 0.14 0.55)
(1 0.14 0.55)
(0 0.145 0.55)
(1 0.145 0.55)
(0 0.15 0.55)
(1 0.15 0.55)
(0 0.155 0.55)
(1 0.155 0.55)
(0 0.16 0.55)
(1 0.16 0.55)
(0 0.165 0.55)
(1 0.165 0.55)
(0 0.17 0.55)
(1 0.17 0.55)
(0 0.175 0.55)
(1 0.175 0.55)
(0 0.18 0.55)
(1 0.18 0.55)
(0 0.185 0.55)
(1 0.185 0.55)
(0 0.19 0.55)
(1 0.19 0.55)
(0 0.195 0.55)
(1 0.195 0.55)
(0 0.2 0.55)
(1 0.2 0.55)
(0 0.205 0.55)
(1 0.205 0.55)
(0 0.21 0.55)
(1 0.21 0.55)
(0 0.215 0.55)
(1 0.215 0.55)
(0 0.22 0.55)
(1 0.22 0.55)
(0 0.225 0.55)
(1 0.225 0.55)
(0 0.23 0.55)
(1 0.23 0.55)
(0 0.235 0.55)
(1 0.235 0.55)
(0 0.24 0.55)
(1 0.24 0.55)
(0 0.245 0.55)
(1 0.245 0.55)
(0 0.25 0.55)
(1 0.25 0.55)
(0 0.255 0.55)
(1 0.255 0.55)
(0 0.26 0.55)
(1 0.26 0.55)
(0 0.265 0.55)
(1 0.265 0.55)
(0 0.27 0.55)
(1 0.27 0.55)
(0 0.275 0.55)
(1 0.275 0.55)
(0 0.28 0.55)
(1 0.28 0.55)
(0 0.285 0.55)
(1 0.285 0.55)
(0 0.29 0.55)
(1 0.29 0.55)
(0 0.295 0.55)
(1 0.295 0.55)
(0 0.3 0.55)
(1 0.3 0.55)
(0 0.305 0.55)
(1 0.305 0.55)
(0 0.31 0.55)
(1 0.31 0.55)
(0 0.315 0.55)
(1 0.315 0.55)
(0 0.32 0.55)
(1 0.32 0.55)
(0 0.325 0.55)
(1 0.325 0.55)
(0 0.33 0.55)
(1 0.33 0.55)
(0 0.335 0.55)
(1 0.335 0.55)
(0 0.34 0.55)
(1 0.34 0.55)
(0 0.345 0.55)
(1 0.345 0.55)
(0 0.35 0.55)
(1 0.35 0.55)
(0 0.355 0.55)
(1 0.355 0.55)
(0 0.36 0.55)
(1 0.36 0.55)
(0 0 0.5666666667)
(1 0 0.5666666667)
(0 0.005 0.5666666667)
(1 0.005 0.5666666667)
(0 0.01 0.5666666667)
(1 0.01 0.5666666667)
(0 0.015 0.5666666667)
(1 0.015 0.5666666667)
(0 0.02 0.5666666667)
(1 0.02 0.5666666667)
(0 0.025 0.5666666667)
(1 0.025 0.5666666667)
(0 0.03 0.5666666667)
(1 0.03 0.5666666667)
(0 0.035 0.5666666667)
(1 0.035 0.5666666667)
(0 0.04 0.5666666667)
(1 0.04 0.5666666667)
(0 0.045 0.5666666667)
(1 0.045 0.5666666667)
(0 0.05 0.5666666667)
(1 0.05 0.5666666667)
(0 0.055 0.5666666667)
(1 0.055 0.5666666667)
(0 0.06 0.5666666667)
(1 0.06 0.5666666667)
(0 0.065 0.5666666667)
(1 0.065 0.5666666667)
(0 0.07 0.5666666667)
(1 0.07 0.5666666667)
(0 0.075 0.5666666667)
(1 0.075 0.5666666667)
(0 0.08 0.5666666667)
(1 0.08 0.5666666667)
(0 0.085 0.5666666667)
(1 0.085 0.5666666667)
(0 0.09 0.5666666667)
(1 0.09 0.5666666667)
(0 0.095 0.5666666667)
(1 0.095 0.5666666667)
(0 0.1 0.5666666667)
(1 0.1 0.5666666667)
(0 0.105 0.5666666667)
(1 0.105 0.5666666667)
(0 0.11 0.5666666667)
(1 0.11 0.5666666667)
(0 0.115 0.5666666667)
(1 0.115 0.5666666667)
(0 0.12 0.5666666667)
(1 0.12 0.5666666667)
(0 0.125 0.5666666667)
(1 0.125 0.5666666667)
(0 0.13 0.5666666667)
(1 0.13 0.5666666667)
(0 0.135 0.5666666667)
(1 0.135 0.5666666667)
(0 0.14 0.5666666667)
(1 0.14 0.5666666667)
(0 0.145 0.5666666667)
(1 0.145 0.5666666667)
(0 0.15 0.5666666667)
(1 0.15 0.5666666667)
(0 0.155 0.5666666667)
(1 0.155 0.5666666667)
(0 0.16 0.5666666667)
(1 0.16 0.5666666667)
(0 0.165 0.5666666667)
(1 0.165 0.5666666667)
(0 0.17 0.5666666667)
(1 0.17 0.5666666667)
(0 0.175 0.5666666667)
(1 0.175 0.5666666667)
(0 0.18 0.5666666667)
(1 0.18 0.5666666667)
(0 0.185 0.5666666667)
(1 0.185 0.5666666667)
(0 0.19 0.5666666667)
(1 0.19 0.5666666667)
(0 0.195 0.5666666667)
(1 0.195 0.5666666667)
(0 0.2 0.5666666667)
(1 0.2 0.5666666667)
(0 0.205 0.5666666667)
(1 0.205 0.5666666667)
(0 0.21 0.5666666667)
(1 0.21 0.5666666667)
(0 0.215 0.5666666667)
(1 0.215 0.5666666667)
(0 0.22 0.5666666667)
(1 0.22 0.5666666667)
(0 0.225 0.5666666667)
(1 0.225 0.5666666667)
(0 0.23 0.5666666667)
(1 0.23 0.5666666667)
(0 0.235 0.5666666667)
(1 0.235 0.5666666667)
(0 0.24 0.5666666667)
(1 0.24 0.5666666667)
(0 0.245 0.5666666667)
(1 0.245 0.5666666667)
(0 0.25 0.5666666667)
(1 0.25 0.5666666667)
(0 0.255 0.5666666667)
(1 0.255 0.5666666667)
(0 0.26 0.5666666667)
(1 0.26 0.5666666667)
(0 0.265 0.5666666667)
(1 0.265 0.5666666667)
(0 0.27 0.5666666667)
(1 0.27 0.5666666667)
(0 0.275 0.5666666667)
(1 0.275 0.5666666667)
(0 0.28 0.5666666667)
(1 0.28 0.5666666667)
(0 0.285 0.5666666667)
(1 0.285 0.5666666667)
(0 0.29 0.5666666667)
(1 0.29 0.5666666667)
(0 0.295 0.5666666667)
(1 0.295 0.5666666667)
(0 0.3 0.5666666667)
(1 0.3 0.5666666667)
(0 0.305 0.5666666667)
(1 0.305 0.5666666667)
(0 0.31 0.5666666667)
(1 0.31 0.5666666667)
(0 0.315 0.5666666667)
(1 0.315 0.5666666667)
(0 0.32 0.5666666667)
(1 0.32 0.5666666667)
(0 0.325 0.5666666667)
(1 0.325 0.5666666667)
(0 0.33 0.5666666667)
(1 0.33 0.5666666667)
(0 0.335 0.5666666667)
(1 0.335 0.5666666667)
(0 0.34 0.5666666667)
(1 0.34 0.5666666667)
(0 0.345 0.5666666667)
(1 0.345 0.5666666667)
(0 0.35 0.5666666667)
(1 0.35 0.5666666667)
(0 0.355 0.5666666667)
(1 0.355 0.5666666667)
(0 0.36 0.5666666667)
(1 0.36 0.5666666667)
(0 0 0.5833333333)
(1 0 0.5833333333)
(0 0.005 0.5833333333)
(1 0.005 0.5833333333)
(0 0.01 0.5833333333)
(1 0.01 0.5833333333)
(0 0.015 0.5833333333)
(1 0.015 0.5833333333)
(0 0.02 0.5833333333)
(1 0.02 0.5833333333)
(0 0.025 0.5833333333)
(1 0.025 0.5833333333)
(0 0.03 0.5833333333)
(1 0.03 0.5833333333)
(0 0.035 0.5833333333)
(1 0.035 0.5833333333)
(0 0.04 0.5833333333)
(1 0.04 0.5833333333)
(0 0.045 0.5833333333)
(1 0.045 0.5833333333)
(0 0.05 0.5833333333)
(1 0.05 0.5833333333)
(0 0.055 0.5833333333)
(1 0.055 0.5833333333)
(0 0.06 0.5833333333)
(1 0.06 0.5833333333)
(0 0.065 0.5833333333)
(1 0.065 0.5833333333)
(0 0.07 0.5833333333)
(1 0.07 0.5833333333)
(0 0.075 0.5833333333)
(1 0.075 0.5833333333)
(0 0.08 0.5833333333)
(1 0.08 0.5833333333)
(0 0.085 0.5833333333)
(1 0.085 0.5833333333)
(0 0.09 0.5833333333)
(1 0.09 0.5833333333)
(0 0.095 0.5833333333)
(1 0.095 0.5833333333)
(0 0.1 0.5833333333)
(1 0.1 0.5833333333)
(0 0.105 0.5833333333)
(1 0.105 0.5833333333)
(0 0.11 0.5833333333)
(1 0.11 0.5833333333)
(0 0.115 0.5833333333)
(1 0.115 0.5833333333)
(0 0.12 0.5833333333)
(1 0.12 0.5833333333)
(0 0.125 0.5833333333)
(1 0.125 0.5833333333)
(0 0.13 0.5833333333)
(1 0.13 0.5833333333)
(0 0.135 0.5833333333)
(1 0.135 0.5833333333)
(0 0.14 0.5833333333)
(1 0.14 0.5833333333)
(0 0.145 0.5833333333)
(1 0.145 0.5833333333)
(0 0.15 0.5833333333)
(1 0.15 0.5833333333)
(0 0.155 0.5833333333)
(1 0.155 0.5833333333)
(0 0.16 0.5833333333)
(1 0.16 0.5833333333)
(0 0.165 0.5833333333)
(1 0.165 0.5833333333)
(0 0.17 0.5833333333)
(1 0.17 0.5833333333)
(0 0.175 0.5833333333)
(1 0.175 0.5833333333)
(0 0.18 0.5833333333)
(1 0.18 0.5833333333)
(0 0.185 0.5833333333)
(1 0.185 0.5833333333)
(0 0.19 0.5833333333)
(1 0.19 0.5833333333)
(0 0.195 0.5833333333)
(1 0.195 0.5833333333)
(0 0.2 0.5833333333)
(1 0.2 0.5833333333)
(0 0.205 0.5833333333)
(1 0.205 0.5833333333)
(0 0.21 0.5833333333)
(1 0.21 0.5833333333)
(0 0.215 0.5833333333)
(1 0.215 0.5833333333)
(0 0.22 0.5833333333)
(1 0.22 0.5833333333)
(0 0.225 0.5833333333)
(1 0.225 0.5833333333)
(0 0.23 0.5833333333)
(1 0.23 0.5833333333)
(0 0.235 0.5833333333)
(1 0.235 0.5833333333)
(0 0.24 0.5833333333)
(1 0.24 0.5833333333)
(0 0.245 0.5833333333)
(1 0.245 0.5833333333)
(0 0.25 0.5833333333)
(1 0.25 0.5833333333)
(0 0.255 0.5833333333)
(1 0.255 0.5833333333)
(0 0.26 0.5833333333)
(1 0.26 0.5833333333)
(0 0.265 0.5833333333)
(1 0.265 0.5833333333)
(0 0.27 0.5833333333)
(1 0.27 0.5833333333)
(0 0.275 0.5833333333)
(1 0.275 0.5833333333)
(0 0.28 0.5833333333)
(1 0.28 0.5833333333)
(0 0.285 0.5833333333)
(1 0.285 0.5833333333)
(0 0.29 0.5833333333)
(1 0.29 0.5833333333)
(0 0.295 0.5833333333)
(1 0.295 0.5833333333)
(0 0.3 0.5833333333)
(1 0.3 0.5833333333)
(0 0.305 0.5833333333)
(1 0.305 0.5833333333)
(0 0.31 0.5833333333)
(1 0.31 0.5833333333)
(0 0.315 0.5833333333)
(1 0.315 0.5833333333)
(0 0.32 0.5833333333)
(1 0.32 0.5833333333)
(0 0.325 0.5833333333)
(1 0.325 0.5833333333)
(0 0.33 0.5833333333)
(1 0.33 0.5833333333)
(0 0.335 0.5833333333)
(1 0.335 0.5833333333)
(0 0.34 0.5833333333)
(1 0.34 0.5833333333)
(0 0.345 0.5833333333)
(1 0.345 0.5833333333)
(0 0.35 0.5833333333)
(1 0.35 0.5833333333)
(0 0.355 0.5833333333)
(1 0.355 0.5833333333)
(0 0.36 0.5833333333)
(1 0.36 0.5833333333)
(0 0 0.6)
(1 0 0.6)
(0 0.005 0.6)
(1 0.005 0.6)
(0 0.01 0.6)
(1 0.01 0.6)
(0 0.015 0.6)
(1 0.015 0.6)
(0 0.02 0.6)
(1 0.02 0.6)
(0 0.025 0.6)
(1 0.025 0.6)
(0 0.03 0.6)
(1 0.03 0.6)
(0 0.035 0.6)
(1 0.035 0.6)
(0 0.04 0.6)
(1 0.04 0.6)
(0 0.045 0.6)
(1 0.045 0.6)
(0 0.05 0.6)
(1 0.05 0.6)
(0 0.055 0.6)
(1 0.055 0.6)
(0 0.06 0.6)
(1 0.06 0.6)
(0 0.065 0.6)
(1 0.065 0.6)
(0 0.07 0.6)
(1 0.07 0.6)
(0 0.075 0.6)
(1 0.075 0.6)
(0 0.08 0.6)
(1 0.08 0.6)
(0 0.085 0.6)
(1 0.085 0.6)
(0 0.09 0.6)
(1 0.09 0.6)
(0 0.095 0.6)
(1 0.095 0.6)
(0 0.1 0.6)
(1 0.1 0.6)
(0 0.105 0.6)
(1 0.105 0.6)
(0 0.11 0.6)
(1 0.11 0.6)
(0 0.115 0.6)
(1 0.115 0.6)
(0 0.12 0.6)
(1 0.12 0.6)
(0 0.125 0.6)
(1 0.125 0.6)
(0 0.13 0.6)
(1 0.13 0.6)
(0 0.135 0.6)
(1 0.135 0.6)
(0 0.14 0.6)
(1 0.14 0.6)
(0 0.145 0.6)
(1 0.145 0.6)
(0 0.15 0.6)
(1 0.15 0.6)
(0 0.155 0.6)
(1 0.155 0.6)
(0 0.16 0.6)
(1 0.16 0.6)
(0 0.165 0.6)
(1 0.165 0.6)
(0 0.17 0.6)
(1 0.17 0.6)
(0 0.175 0.6)
(1 0.175 0.6)
(0 0.18 0.6)
(1 0.18 0.6)
(0 0.185 0.6)
(1 0.185 0.6)
(0 0.19 0.6)
(1 0.19 0.6)
(0 0.195 0.6)
(1 0.195 0.6)
(0 0.2 0.6)
(1 0.2 0.6)
(0 0.205 0.6)
(1 0.205 0.6)
(0 0.21 0.6)
(1 0.21 0.6)
(0 0.215 0.6)
(1 0.215 0.6)
(0 0.22 0.6)
(1 0.22 0.6)
(0 0.225 0.6)
(1 0.225 0.6)
(0 0.23 0.6)
(1 0.23 0.6)
(0 0.235 0.6)
(1 0.235 0.6)
(0 0.24 0.6)
(1 0.24 0.6)
(0 0.245 0.6)
(1 0.245 0.6)
(0 0.25 0.6)
(1 0.25 0.6)
(0 0.255 0.6)
(1 0.255 0.6)
(0 0.26 0.6)
(1 0.26 0.6)
(0 0.265 0.6)
(1 0.265 0.6)
(0 0.27 0.6)
(1 0.27 0.6)
(0 0.275 0.6)
(1 0.275 0.6)
(0 0.28 0.6)
(1 0.28 0.6)
(0 0.285 0.6)
(1 0.285 0.6)
(0 0.29 0.6)
(1 0.29 0.6)
(0 0.295 0.6)
(1 0.295 0.6)
(0 0.3 0.6)
(1 0.3 0.6)
(0 0.305 0.6)
(1 0.305 0.6)
(0 0.31 0.6)
(1 0.31 0.6)
(0 0.315 0.6)
(1 0.315 0.6)
(0 0.32 0.6)
(1 0.32 0.6)
(0 0.325 0.6)
(1 0.325 0.6)
(0 0.33 0.6)
(1 0.33 0.6)
(0 0.335 0.6)
(1 0.335 0.6)
(0 0.34 0.6)
(1 0.34 0.6)
(0 0.345 0.6)
(1 0.345 0.6)
(0 0.35 0.6)
(1 0.35 0.6)
(0 0.355 0.6)
(1 0.355 0.6)
(0 0.36 0.6)
(1 0.36 0.6)
(0 0 0.6166666667)
(1 0 0.6166666667)
(0 0.005 0.6166666667)
(1 0.005 0.6166666667)
(0 0.01 0.6166666667)
(1 0.01 0.6166666667)
(0 0.015 0.6166666667)
(1 0.015 0.6166666667)
(0 0.02 0.6166666667)
(1 0.02 0.6166666667)
(0 0.025 0.6166666667)
(1 0.025 0.6166666667)
(0 0.03 0.6166666667)
(1 0.03 0.6166666667)
(0 0.035 0.6166666667)
(1 0.035 0.6166666667)
(0 0.04 0.6166666667)
(1 0.04 0.6166666667)
(0 0.045 0.6166666667)
(1 0.045 0.6166666667)
(0 0.05 0.6166666667)
(1 0.05 0.6166666667)
(0 0.055 0.6166666667)
(1 0.055 0.6166666667)
(0 0.06 0.6166666667)
(1 0.06 0.6166666667)
(0 0.065 0.6166666667)
(1 0.065 0.6166666667)
(0 0.07 0.6166666667)
(1 0.07 0.6166666667)
(0 0.075 0.6166666667)
(1 0.075 0.6166666667)
(0 0.08 0.6166666667)
(1 0.08 0.6166666667)
(0 0.085 0.6166666667)
(1 0.085 0.6166666667)
(0 0.09 0.6166666667)
(1 0.09 0.6166666667)
(0 0.095 0.6166666667)
(1 0.095 0.6166666667)
(0 0.1 0.6166666667)
(1 0.1 0.6166666667)
(0 0.105 0.6166666667)
(1 0.105 0.6166666667)
(0 0.11 0.6166666667)
(1 0.11 0.6166666667)
(0 0.115 0.6166666667)
(1 0.115 0.6166666667)
(0 0.12 0.6166666667)
(1 0.12 0.6166666667)
(0 0.125 0.6166666667)
(1 0.125 0.6166666667)
(0 0.13 0.6166666667)
(1 0.13 0.6166666667)
(0 0.135 0.6166666667)
(1 0.135 0.6166666667)
(0 0.14 0.6166666667)
(1 0.14 0.6166666667)
(0 0.145 0.6166666667)
(1 0.145 0.6166666667)
(0 0.15 0.6166666667)
(1 0.15 0.6166666667)
(0 0.155 0.6166666667)
(1 0.155 0.6166666667)
(0 0.16 0.6166666667)
(1 0.16 0.6166666667)
(0 0.165 0.6166666667)
(1 0.165 0.6166666667)
(0 0.17 0.6166666667)
(1 0.17 0.6166666667)
(0 0.175 0.6166666667)
(1 0.175 0.6166666667)
(0 0.18 0.6166666667)
(1 0.18 0.6166666667)
(0 0.185 0.6166666667)
(1 0.185 0.6166666667)
(0 0.19 0.6166666667)
(1 0.19 0.6166666667)
(0 0.195 0.6166666667)
(1 0.195 0.6166666667)
(0 0.2 0.6166666667)
(1 0.2 0.6166666667)
(0 0.205 0.6166666667)
(1 0.205 0.6166666667)
(0 0.21 0.6166666667)
(1 0.21 0.6166666667)
(0 0.215 0.6166666667)
(1 0.215 0.6166666667)
(0 0.22 0.6166666667)
(1 0.22 0.6166666667)
(0 0.225 0.6166666667)
(1 0.225 0.6166666667)
(0 0.23 0.6166666667)
(1 0.23 0.6166666667)
(0 0.235 0.6166666667)
(1 0.235 0.6166666667)
(0 0.24 0.6166666667)
(1 0.24 0.6166666667)
(0 0.245 0.6166666667)
(1 0.245 0.6166666667)
(0 0.25 0.6166666667)
(1 0.25 0.6166666667)
(0 0.255 0.6166666667)
(1 0.255 0.6166666667)
(0 0.26 0.6166666667)
(1 0.26 0.6166666667)
(0 0.265 0.6166666667)
(1 0.265 0.6166666667)
(0 0.27 0.6166666667)
(1 0.27 0.6166666667)
(0 0.275 0.6166666667)
(1 0.275 0.6166666667)
(0 0.28 0.6166666667)
(1 0.28 0.6166666667)
(0 0.285 0.6166666667)
(1 0.285 0.6166666667)
(0 0.29 0.6166666667)
(1 0.29 0.6166666667)
(0 0.295 0.6166666667)
(1 0.295 0.6166666667)
(0 0.3 0.6166666667)
(1 0.3 0.6166666667)
(0 0.305 0.6166666667)
(1 0.305 0.6166666667)
(0 0.31 0.6166666667)
(1 0.31 0.6166666667)
(0 0.315 0.6166666667)
(1 0.315 0.6166666667)
(0 0.32 0.6166666667)
(1 0.32 0.6166666667)
(0 0.325 0.6166666667)
(1 0.325 0.6166666667)
(0 0.33 0.6166666667)
(1 0.33 0.6166666667)
(0 0.335 0.6166666667)
(1 0.335 0.6166666667)
(0 0.34 0.6166666667)
(1 0.34 0.6166666667)
(0 0.345 0.6166666667)
(1 0.345 0.6166666667)
(0 0.35 0.6166666667)
(1 0.35 0.6166666667)
(0 0.355 0.6166666667)
(1 0.355 0.6166666667)
(0 0.36 0.6166666667)
(1 0.36 0.6166666667)
(0 0 0.6333333333)
(1 0 0.6333333333)
(0 0.005 0.6333333333)
(1 0.005 0.6333333333)
(0 0.01 0.6333333333)
(1 0.01 0.6333333333)
(0 0.015 0.6333333333)
(1 0.015 0.6333333333)
(0 0.02 0.6333333333)
(1 0.02 0.6333333333)
(0 0.025 0.6333333333)
(1 0.025 0.6333333333)
(0 0.03 0.6333333333)
(1 0.03 0.6333333333)
(0 0.035 0.6333333333)
(1 0.035 0.6333333333)
(0 0.04 0.6333333333)
(1 0.04 0.6333333333)
(0 0.045 0.6333333333)
(1 0.045 0.6333333333)
(0 0.05 0.6333333333)
(1 0.05 0.6333333333)
(0 0.055 0.6333333333)
(1 0.055 0.6333333333)
(0 0.06 0.6333333333)
(1 0.06 0.6333333333)
(0 0.065 0.6333333333)
(1 0.065 0.6333333333)
(0 0.07 0.6333333333)
(1 0.07 0.6333333333)
(0 0.075 0.6333333333)
(1 0.075 0.6333333333)
(0 0.08 0.6333333333)
(1 0.08 0.6333333333)
(0 0.085 0.6333333333)
(1 0.085 0.6333333333)
(0 0.09 0.6333333333)
(1 0.09 0.6333333333)
(0 0.095 0.6333333333)
(1 0.095 0.6333333333)
(0 0.1 0.6333333333)
(1 0.1 0.6333333333)
(0 0.105 0.6333333333)
(1 0.105 0.6333333333)
(0 0.11 0.6333333333)
(1 0.11 0.6333333333)
(0 0.115 0.6333333333)
(1 0.115 0.6333333333)
(0 0.12 0.6333333333)
(1 0.12 0.6333333333)
(0 0.125 0.6333333333)
(1 0.125 0.6333333333)
(0 0.13 0.6333333333)
(1 0.13 0.6333333333)
(0 0.135 0.6333333333)
(1 0.135 0.6333333333)
(0 0.14 0.6333333333)
(1 0.14 0.6333333333)
(0 0.145 0.6333333333)
(1 0.145 0.6333333333)
(0 0.15 0.6333333333)
(1 0.15 0.6333333333)
(0 0.155 0.6333333333)
(1 0.155 0.6333333333)
(0 0.16 0.6333333333)
(1 0.16 0.6333333333)
(0 0.165 0.6333333333)
(1 0.165 0.6333333333)
(0 0.17 0.6333333333)
(1 0.17 0.6333333333)
(0 0.175 0.6333333333)
(1 0.175 0.6333333333)
(0 0.18 0.6333333333)
(1 0.18 0.6333333333)
(0 0.185 0.6333333333)
(1 0.185 0.6333333333)
(0 0.19 0.6333333333)
(1 0.19 0.6333333333)
(0 0.195 0.6333333333)
(1 0.195 0.6333333333)
(0 0.2 0.6333333333)
(1 0.2 0.6333333333)
(0 0.205 0.6333333333)
(1 0.205 0.6333333333)
(0 0.21 0.6333333333)
(1 0.21 0.6333333333)
(0 0.215 0.6333333333)
(1 0.215 0.6333333333)
(0 0.22 0.6333333333)
(1 0.22 0.6333333333)
(0 0.225 0.6333333333)
(1 0.225 0.6333333333)
(0 0.23 0.6333333333)
(1 0.23 0.6333333333)
(0 0.235 0.6333333333)
(1 0.235 0.6333333333)
(0 0.24 0.6333333333)
(1 0.24 0.6333333333)
(0 0.245 0.6333333333)
(1 0.245 0.6333333333)
(0 0.25 0.6333333333)
(1 0.25 0.6333333333)
(0 0.255 0.6333333333)
(1 0.255 0.6333333333)
(0 0.26 0.6333333333)
(1 0.26 0.6333333333)
(0 0.265 0.6333333333)
(1 0.265 0.6333333333)
(0 0.27 0.6333333333)
(1 0.27 0.6333333333)
(0 0.275 0.6333333333)
(1 0.275 0.6333333333)
(0 0.28 0.6333333333)
(1 0.28 0.6333333333)
(0 0.285 0.6333333333)
(1 0.285 0.6333333333)
(0 0.29 0.6333333333)
(1 0.29 0.6333333333)
(0 0.295 0.6333333333)
(1 0.295 0.6333333333)
(0 0.3 0.6333333333)
(1 0.3 0.6333333333)
(0 0.305 0.6333333333)
(1 0.305 0.6333333333)
(0 0.31 0.6333333333)
(1 0.31 0.6333333333)
(0 0.315 0.6333333333)
(1 0.315 0.6333333333)
(0 0.32 0.6333333333)
(1 0.32 0.6333333333)
(0 0.325 0.6333333333)
(1 0.325 0.6333333333)
(0 0.33 0.6333333333)
(1 0.33 0.6333333333)
(0 0.335 0.6333333333)
(1 0.335 0.6333333333)
(0 0.34 0.6333333333)
(1 0.34 0.6333333333)
(0 0.345 0.6333333333)
(1 0.345 0.6333333333)
(0 0.35 0.6333333333)
(1 0.35 0.6333333333)
(0 0.355 0.6333333333)
(1 0.355 0.6333333333)
(0 0.36 0.6333333333)
(1 0.36 0.6333333333)
(0 0 0.65)
(1 0 0.65)
(0 0.005 0.65)
(1 0.005 0.65)
(0 0.01 0.65)
(1 0.01 0.65)
(0 0.015 0.65)
(1 0.015 0.65)
(0 0.02 0.65)
(1 0.02 0.65)
(0 0.025 0.65)
(1 0.025 0.65)
(0 0.03 0.65)
(1 0.03 0.65)
(0 0.035 0.65)
(1 0.035 0.65)
(0 0.04 0.65)
(1 0.04 0.65)
(0 0.045 0.65)
(1 0.045 0.65)
(0 0.05 0.65)
(1 0.05 0.65)
(0 0.055 0.65)
(1 0.055 0.65)
(0 0.06 0.65)
(1 0.06 0.65)
(0 0.065 0.65)
(1 0.065 0.65)
(0 0.07 0.65)
(1 0.07 0.65)
(0 0.075 0.65)
(1 0.075 0.65)
(0 0.08 0.65)
(1 0.08 0.65)
(0 0.085 0.65)
(1 0.085 0.65)
(0 0.09 0.65)
(1 0.09 0.65)
(0 0.095 0.65)
(1 0.095 0.65)
(0 0.1 0.65)
(1 0.1 0.65)
(0 0.105 0.65)
(1 0.105 0.65)
(0 0.11 0.65)
(1 0.11 0.65)
(0 0.115 0.65)
(1 0.115 0.65)
(0 0.12 0.65)
(1 0.12 0.65)
(0 0.125 0.65)
(1 0.125 0.65)
(0 0.13 0.65)
(1 0.13 0.65)
(0 0.135 0.65)
(1 0.135 0.65)
(0 0.14 0.65)
(1 0.14 0.65)
(0 0.145 0.65)
(1 0.145 0.65)
(0 0.15 0.65)
(1 0.15 0.65)
(0 0.155 0.65)
(1 0.155 0.65)
(0 0.16 0.65)
(1 0.16 0.65)
(0 0.165 0.65)
(1 0.165 0.65)
(0 0.17 0.65)
(1 0.17 0.65)
(0 0.175 0.65)
(1 0.175 0.65)
(0 0.18 0.65)
(1 0.18 0.65)
(0 0.185 0.65)
(1 0.185 0.65)
(0 0.19 0.65)
(1 0.19 0.65)
(0 0.195 0.65)
(1 0.195 0.65)
(0 0.2 0.65)
(1 0.2 0.65)
(0 0.205 0.65)
(1 0.205 0.65)
(0 0.21 0.65)
(1 0.21 0.65)
(0 0.215 0.65)
(1 0.215 0.65)
(0 0.22 0.65)
(1 0.22 0.65)
(0 0.225 0.65)
(1 0.225 0.65)
(0 0.23 0.65)
(1 0.23 0.65)
(0 0.235 0.65)
(1 0.235 0.65)
(0 0.24 0.65)
(1 0.24 0.65)
(0 0.245 0.65)
(1 0.245 0.65)
(0 0.25 0.65)
(1 0.25 0.65)
(0 0.255 0.65)
(1 0.255 0.65)
(0 0.26 0.65)
(1 0.26 0.65)
(0 0.265 0.65)
(1 0.265 0.65)
(0 0.27 0.65)
(1 0.27 0.65)
(0 0.275 0.65)
(1 0.275 0.65)
(0 0.28 0.65)
(1 0.28 0.65)
(0 0.285 0.65)
(1 0.285 0.65)
(0 0.29 0.65)
(1 0.29 0.65)
(0 0.295 0.65)
(1 0.295 0.65)
(0 0.3 0.65)
(1 0.3 0.65)
(0 0.305 0.65)
(1 0.305 0.65)
(0 0.31 0.65)
(1 0.31 0.65)
(0 0.315 0.65)
(1 0.315 0.65)
(0 0.32 0.65)
(1 0.32 0.65)
(0 0.325 0.65)
(1 0.325 0.65)
(0 0.33 0.65)
(1 0.33 0.65)
(0 0.335 0.65)
(1 0.335 0.65)
(0 0.34 0.65)
(1 0.34 0.65)
(0 0.345 0.65)
(1 0.345 0.65)
(0 0.35 0.65)
(1 0.35 0.65)
(0 0.355 0.65)
(1 0.355 0.65)
(0 0.36 0.65)
(1 0.36 0.65)
(0 0 0.6666666667)
(1 0 0.6666666667)
(0 0.005 0.6666666667)
(1 0.005 0.6666666667)
(0 0.01 0.6666666667)
(1 0.01 0.6666666667)
(0 0.015 0.6666666667)
(1 0.015 0.6666666667)
(0 0.02 0.6666666667)
(1 0.02 0.6666666667)
(0 0.025 0.6666666667)
(1 0.025 0.6666666667)
(0 0.03 0.6666666667)
(1 0.03 0.6666666667)
(0 0.035 0.6666666667)
(1 0.035 0.6666666667)
(0 0.04 0.6666666667)
(1 0.04 0.6666666667)
(0 0.045 0.6666666667)
(1 0.045 0.6666666667)
(0 0.05 0.6666666667)
(1 0.05 0.6666666667)
(0 0.055 0.6666666667)
(1 0.055 0.6666666667)
(0 0.06 0.6666666667)
(1 0.06 0.6666666667)
(0 0.065 0.6666666667)
(1 0.065 0.6666666667)
(0 0.07 0.6666666667)
(1 0.07 0.6666666667)
(0 0.075 0.6666666667)
(1 0.075 0.6666666667)
(0 0.08 0.6666666667)
(1 0.08 0.6666666667)
(0 0.085 0.6666666667)
(1 0.085 0.6666666667)
(0 0.09 0.6666666667)
(1 0.09 0.6666666667)
(0 0.095 0.6666666667)
(1 0.095 0.6666666667)
(0 0.1 0.6666666667)
(1 0.1 0.6666666667)
(0 0.105 0.6666666667)
(1 0.105 0.6666666667)
(0 0.11 0.6666666667)
(1 0.11 0.6666666667)
(0 0.115 0.6666666667)
(1 0.115 0.6666666667)
(0 0.12 0.6666666667)
(1 0.12 0.6666666667)
(0 0.125 0.6666666667)
(1 0.125 0.6666666667)
(0 0.13 0.6666666667)
(1 0.13 0.6666666667)
(0 0.135 0.6666666667)
(1 0.135 0.6666666667)
(0 0.14 0.6666666667)
(1 0.14 0.6666666667)
(0 0.145 0.6666666667)
(1 0.145 0.6666666667)
(0 0.15 0.6666666667)
(1 0.15 0.6666666667)
(0 0.155 0.6666666667)
(1 0.155 0.6666666667)
(0 0.16 0.6666666667)
(1 0.16 0.6666666667)
(0 0.165 0.6666666667)
(1 0.165 0.6666666667)
(0 0.17 0.6666666667)
(1 0.17 0.6666666667)
(0 0.175 0.6666666667)
(1 0.175 0.6666666667)
(0 0.18 0.6666666667)
(1 0.18 0.6666666667)
(0 0.185 0.6666666667)
(1 0.185 0.6666666667)
(0 0.19 0.6666666667)
(1 0.19 0.6666666667)
(0 0.195 0.6666666667)
(1 0.195 0.6666666667)
(0 0.2 0.6666666667)
(1 0.2 0.6666666667)
(0 0.205 0.6666666667)
(1 0.205 0.6666666667)
(0 0.21 0.6666666667)
(1 0.21 0.6666666667)
(0 0.215 0.6666666667)
(1 0.215 0.6666666667)
(0 0.22 0.6666666667)
(1 0.22 0.6666666667)
(0 0.225 0.6666666667)
(1 0.225 0.6666666667)
(0 0.23 0.6666666667)
(1 0.23 0.6666666667)
(0 0.235 0.6666666667)
(1 0.235 0.6666666667)
(0 0.24 0.6666666667)
(1 0.24 0.6666666667)
(0 0.245 0.6666666667)
(1 0.245 0.6666666667)
(0 0.25 0.6666666667)
(1 0.25 0.6666666667)
(0 0.255 0.6666666667)
(1 0.255 0.6666666667)
(0 0.26 0.6666666667)
(1 0.26 0.6666666667)
(0 0.265 0.6666666667)
(1 0.265 0.6666666667)
(0 0.27 0.6666666667)
(1 0.27 0.6666666667)
(0 0.275 0.6666666667)
(1 0.275 0.6666666667)
(0 0.28 0.6666666667)
(1 0.28 0.6666666667)
(0 0.285 0.6666666667)
(1 0.285 0.6666666667)
(0 0.29 0.6666666667)
(1 0.29 0.6666666667)
(0 0.295 0.6666666667)
(1 0.295 0.6666666667)
(0 0.3 0.6666666667)
(1 0.3 0.6666666667)
(0 0.305 0.6666666667)
(1 0.305 0.6666666667)
(0 0.31 0.6666666667)
(1 0.31 0.6666666667)
(0 0.315 0.6666666667)
(1 0.315 0.6666666667)
(0 0.32 0.6666666667)
(1 0.32 0.6666666667)
(0 0.325 0.6666666667)
(1 0.325 0.6666666667)
(0 0.33 0.6666666667)
(1 0.33 0.6666666667)
(0 0.335 0.6666666667)
(1 0.335 0.6666666667)
(0 0.34 0.6666666667)
(1 0.34 0.6666666667)
(0 0.345 0.6666666667)
(1 0.345 0.6666666667)
(0 0.35 0.6666666667)
(1 0.35 0.6666666667)
(0 0.355 0.6666666667)
(1 0.355 0.6666666667)
(0 0.36 0.6666666667)
(1 0.36 0.6666666667)
(0 0 0.6833333333)
(1 0 0.6833333333)
(0 0.005 0.6833333333)
(1 0.005 0.6833333333)
(0 0.01 0.6833333333)
(1 0.01 0.6833333333)
(0 0.015 0.6833333333)
(1 0.015 0.6833333333)
(0 0.02 0.6833333333)
(1 0.02 0.6833333333)
(0 0.025 0.6833333333)
(1 0.025 0.6833333333)
(0 0.03 0.6833333333)
(1 0.03 0.6833333333)
(0 0.035 0.6833333333)
(1 0.035 0.6833333333)
(0 0.04 0.6833333333)
(1 0.04 0.6833333333)
(0 0.045 0.6833333333)
(1 0.045 0.6833333333)
(0 0.05 0.6833333333)
(1 0.05 0.6833333333)
(0 0.055 0.6833333333)
(1 0.055 0.6833333333)
(0 0.06 0.6833333333)
(1 0.06 0.6833333333)
(0 0.065 0.6833333333)
(1 0.065 0.6833333333)
(0 0.07 0.6833333333)
(1 0.07 0.6833333333)
(0 0.075 0.6833333333)
(1 0.075 0.6833333333)
(0 0.08 0.6833333333)
(1 0.08 0.6833333333)
(0 0.085 0.6833333333)
(1 0.085 0.6833333333)
(0 0.09 0.6833333333)
(1 0.09 0.6833333333)
(0 0.095 0.6833333333)
(1 0.095 0.6833333333)
(0 0.1 0.6833333333)
(1 0.1 0.6833333333)
(0 0.105 0.6833333333)
(1 0.105 0.6833333333)
(0 0.11 0.6833333333)
(1 0.11 0.6833333333)
(0 0.115 0.6833333333)
(1 0.115 0.6833333333)
(0 0.12 0.6833333333)
(1 0.12 0.6833333333)
(0 0.125 0.6833333333)
(1 0.125 0.6833333333)
(0 0.13 0.6833333333)
(1 0.13 0.6833333333)
(0 0.135 0.6833333333)
(1 0.135 0.6833333333)
(0 0.14 0.6833333333)
(1 0.14 0.6833333333)
(0 0.145 0.6833333333)
(1 0.145 0.6833333333)
(0 0.15 0.6833333333)
(1 0.15 0.6833333333)
(0 0.155 0.6833333333)
(1 0.155 0.6833333333)
(0 0.16 0.6833333333)
(1 0.16 0.6833333333)
(0 0.165 0.6833333333)
(1 0.165 0.6833333333)
(0 0.17 0.6833333333)
(1 0.17 0.6833333333)
(0 0.175 0.6833333333)
(1 0.175 0.6833333333)
(0 0.18 0.6833333333)
(1 0.18 0.6833333333)
(0 0.185 0.6833333333)
(1 0.185 0.6833333333)
(0 0.19 0.6833333333)
(1 0.19 0.6833333333)
(0 0.195 0.6833333333)
(1 0.195 0.6833333333)
(0 0.2 0.6833333333)
(1 0.2 0.6833333333)
(0 0.205 0.6833333333)
(1 0.205 0.6833333333)
(0 0.21 0.6833333333)
(1 0.21 0.6833333333)
(0 0.215 0.6833333333)
(1 0.215 0.6833333333)
(0 0.22 0.6833333333)
(1 0.22 0.6833333333)
(0 0.225 0.6833333333)
(1 0.225 0.6833333333)
(0 0.23 0.6833333333)
(1 0.23 0.6833333333)
(0 0.235 0.6833333333)
(1 0.235 0.6833333333)
(0 0.24 0.6833333333)
(1 0.24 0.6833333333)
(0 0.245 0.6833333333)
(1 0.245 0.6833333333)
(0 0.25 0.6833333333)
(1 0.25 0.6833333333)
(0 0.255 0.6833333333)
(1 0.255 0.6833333333)
(0 0.26 0.6833333333)
(1 0.26 0.6833333333)
(0 0.265 0.6833333333)
(1 0.265 0.6833333333)
(0 0.27 0.6833333333)
(1 0.27 0.6833333333)
(0 0.275 0.6833333333)
(1 0.275 0.6833333333)
(0 0.28 0.6833333333)
(1 0.28 0.6833333333)
(0 0.285 0.6833333333)
(1 0.285 0.6833333333)
(0 0.29 0.6833333333)
(1 0.29 0.6833333333)
(0 0.295 0.6833333333)
(1 0.295 0.6833333333)
(0 0.3 0.6833333333)
(1 0.3 0.6833333333)
(0 0.305 0.6833333333)
(1 0.305 0.6833333333)
(0 0.31 0.6833333333)
(1 0.31 0.6833333333)
(0 0.315 0.6833333333)
(1 0.315 0.6833333333)
(0 0.32 0.6833333333)
(1 0.32 0.6833333333)
(0 0.325 0.6833333333)
(1 0.325 0.6833333333)
(0 0.33 0.6833333333)
(1 0.33 0.6833333333)
(0 0.335 0.6833333333)
(1 0.335 0.6833333333)
(0 0.34 0.6833333333)
(1 0.34 0.6833333333)
(0 0.345 0.6833333333)
(1 0.345 0.6833333333)
(0 0.35 0.6833333333)
(1 0.35 0.6833333333)
(0 0.355 0.6833333333)
(1 0.355 0.6833333333)
(0 0.36 0.6833333333)
(1 0.36 0.6833333333)
(0 0 0.7)
(1 0 0.7)
(0 0.005 0.7)
(1 0.005 0.7)
(0 0.01 0.7)
(1 0.01 0.7)
(0 0.015 0.7)
(1 0.015 0.7)
(0 0.02 0.7)
(1 0.02 0.7)
(0 0.025 0.7)
(1 0.025 0.7)
(0 0.03 0.7)
(1 0.03 0.7)
(0 0.035 0.7)
(1 0.035 0.7)
(0 0.04 0.7)
(1 0.04 0.7)
(0 0.045 0.7)
(1 0.045 0.7)
(0 0.05 0.7)
(1 0.05 0.7)
(0 0.055 0.7)
(1 0.055 0.7)
(0 0.06 0.7)
(1 0.06 0.7)
(0 0.065 0.7)
(1 0.065 0.7)
(0 0.07 0.7)
(1 0.07 0.7)
(0 0.075 0.7)
(1 0.075 0.7)
(0 0.08 0.7)
(1 0.08 0.7)
(0 0.085 0.7)
(1 0.085 0.7)
(0 0.09 0.7)
(1 0.09 0.7)
(0 0.095 0.7)
(1 0.095 0.7)
(0 0.1 0.7)
(1 0.1 0.7)
(0 0.105 0.7)
(1 0.105 0.7)
(0 0.11 0.7)
(1 0.11 0.7)
(0 0.115 0.7)
(1 0.115 0.7)
(0 0.12 0.7)
(1 0.12 0.7)
(0 0.125 0.7)
(1 0.125 0.7)
(0 0.13 0.7)
(1 0.13 0.7)
(0 0.135 0.7)
(1 0.135 0.7)
(0 0.14 0.7)
(1 0.14 0.7)
(0 0.145 0.7)
(1 0.145 0.7)
(0 0.15 0.7)
(1 0.15 0.7)
(0 0.155 0.7)
(1 0.155 0.7)
(0 0.16 0.7)
(1 0.16 0.7)
(0 0.165 0.7)
(1 0.165 0.7)
(0 0.17 0.7)
(1 0.17 0.7)
(0 0.175 0.7)
(1 0.175 0.7)
(0 0.18 0.7)
(1 0.18 0.7)
(0 0.185 0.7)
(1 0.185 0.7)
(0 0.19 0.7)
(1 0.19 0.7)
(0 0.195 0.7)
(1 0.195 0.7)
(0 0.2 0.7)
(1 0.2 0.7)
(0 0.205 0.7)
(1 0.205 0.7)
(0 0.21 0.7)
(1 0.21 0.7)
(0 0.215 0.7)
(1 0.215 0.7)
(0 0.22 0.7)
(1 0.22 0.7)
(0 0.225 0.7)
(1 0.225 0.7)
(0 0.23 0.7)
(1 0.23 0.7)
(0 0.235 0.7)
(1 0.235 0.7)
(0 0.24 0.7)
(1 0.24 0.7)
(0 0.245 0.7)
(1 0.245 0.7)
(0 0.25 0.7)
(1 0.25 0.7)
(0 0.255 0.7)
(1 0.255 0.7)
(0 0.26 0.7)
(1 0.26 0.7)
(0 0.265 0.7)
(1 0.265 0.7)
(0 0.27 0.7)
(1 0.27 0.7)
(0 0.275 0.7)
(1 0.275 0.7)
(0 0.28 0.7)
(1 0.28 0.7)
(0 0.285 0.7)
(1 0.285 0.7)
(0 0.29 0.7)
(1 0.29 0.7)
(0 0.295 0.7)
(1 0.295 0.7)
(0 0.3 0.7)
(1 0.3 0.7)
(0 0.305 0.7)
(1 0.305 0.7)
(0 0.31 0.7)
(1 0.31 0.7)
(0 0.315 0.7)
(1 0.315 0.7)
(0 0.32 0.7)
(1 0.32 0.7)
(0 0.325 0.7)
(1 0.325 0.7)
(0 0.33 0.7)
(1 0.33 0.7)
(0 0.335 0.7)
(1 0.335 0.7)
(0 0.34 0.7)
(1 0.34 0.7)
(0 0.345 0.7)
(1 0.345 0.7)
(0 0.35 0.7)
(1 0.35 0.7)
(0 0.355 0.7)
(1 0.355 0.7)
(0 0.36 0.7)
(1 0.36 0.7)
(0 0 0.7166666667)
(1 0 0.7166666667)
(0 0.005 0.7166666667)
(1 0.005 0.7166666667)
(0 0.01 0.7166666667)
(1 0.01 0.7166666667)
(0 0.015 0.7166666667)
(1 0.015 0.7166666667)
(0 0.02 0.7166666667)
(1 0.02 0.7166666667)
(0 0.025 0.7166666667)
(1 0.025 0.7166666667)
(0 0.03 0.7166666667)
(1 0.03 0.7166666667)
(0 0.035 0.7166666667)
(1 0.035 0.7166666667)
(0 0.04 0.7166666667)
(1 0.04 0.7166666667)
(0 0.045 0.7166666667)
(1 0.045 0.7166666667)
(0 0.05 0.7166666667)
(1 0.05 0.7166666667)
(0 0.055 0.7166666667)
(1 0.055 0.7166666667)
(0 0.06 0.7166666667)
(1 0.06 0.7166666667)
(0 0.065 0.7166666667)
(1 0.065 0.7166666667)
(0 0.07 0.7166666667)
(1 0.07 0.7166666667)
(0 0.075 0.7166666667)
(1 0.075 0.7166666667)
(0 0.08 0.7166666667)
(1 0.08 0.7166666667)
(0 0.085 0.7166666667)
(1 0.085 0.7166666667)
(0 0.09 0.7166666667)
(1 0.09 0.7166666667)
(0 0.095 0.7166666667)
(1 0.095 0.7166666667)
(0 0.1 0.7166666667)
(1 0.1 0.7166666667)
(0 0.105 0.7166666667)
(1 0.105 0.7166666667)
(0 0.11 0.7166666667)
(1 0.11 0.7166666667)
(0 0.115 0.7166666667)
(1 0.115 0.7166666667)
(0 0.12 0.7166666667)
(1 0.12 0.7166666667)
(0 0.125 0.7166666667)
(1 0.125 0.7166666667)
(0 0.13 0.7166666667)
(1 0.13 0.7166666667)
(0 0.135 0.7166666667)
(1 0.135 0.7166666667)
(0 0.14 0.7166666667)
(1 0.14 0.7166666667)
(0 0.145 0.7166666667)
(1 0.145 0.7166666667)
(0 0.15 0.7166666667)
(1 0.15 0.7166666667)
(0 0.155 0.7166666667)
(1 0.155 0.7166666667)
(0 0.16 0.7166666667)
(1 0.16 0.7166666667)
(0 0.165 0.7166666667)
(1 0.165 0.7166666667)
(0 0.17 0.7166666667)
(1 0.17 0.7166666667)
(0 0.175 0.7166666667)
(1 0.175 0.7166666667)
(0 0.18 0.7166666667)
(1 0.18 0.7166666667)
(0 0.185 0.7166666667)
(1 0.185 0.7166666667)
(0 0.19 0.7166666667)
(1 0.19 0.7166666667)
(0 0.195 0.7166666667)
(1 0.195 0.7166666667)
(0 0.2 0.7166666667)
(1 0.2 0.7166666667)
(0 0.205 0.7166666667)
(1 0.205 0.7166666667)
(0 0.21 0.7166666667)
(1 0.21 0.7166666667)
(0 0.215 0.7166666667)
(1 0.215 0.7166666667)
(0 0.22 0.7166666667)
(1 0.22 0.7166666667)
(0 0.225 0.7166666667)
(1 0.225 0.7166666667)
(0 0.23 0.7166666667)
(1 0.23 0.7166666667)
(0 0.235 0.7166666667)
(1 0.235 0.7166666667)
(0 0.24 0.7166666667)
(1 0.24 0.7166666667)
(0 0.245 0.7166666667)
(1 0.245 0.7166666667)
(0 0.25 0.7166666667)
(1 0.25 0.7166666667)
(0 0.255 0.7166666667)
(1 0.255 0.7166666667)
(0 0.26 0.7166666667)
(1 0.26 0.7166666667)
(0 0.265 0.7166666667)
(1 0.265 0.7166666667)
(0 0.27 0.7166666667)
(1 0.27 0.7166666667)
(0 0.275 0.7166666667)
(1 0.275 0.7166666667)
(0 0.28 0.7166666667)
(1 0.28 0.7166666667)
(0 0.285 0.7166666667)
(1 0.285 0.7166666667)
(0 0.29 0.7166666667)
(1 0.29 0.7166666667)
(0 0.295 0.7166666667)
(1 0.295 0.7166666667)
(0 0.3 0.7166666667)
(1 0.3 0.7166666667)
(0 0.305 0.7166666667)
(1 0.305 0.7166666667)
(0 0.31 0.7166666667)
(1 0.31 0.7166666667)
(0 0.315 0.7166666667)
(1 0.315 0.7166666667)
(0 0.32 0.7166666667)
(1 0.32 0.7166666667)
(0 0.325 0.7166666667)
(1 0.325 0.7166666667)
(0 0.33 0.7166666667)
(1 0.33 0.7166666667)
(0 0.335 0.7166666667)
(1 0.335 0.7166666667)
(0 0.34 0.7166666667)
(1 0.34 0.7166666667)
(0 0.345 0.7166666667)
(1 0.345 0.7166666667)
(0 0.35 0.7166666667)
(1 0.35 0.7166666667)
(0 0.355 0.7166666667)
(1 0.355 0.7166666667)
(0 0.36 0.7166666667)
(1 0.36 0.7166666667)
(0 0 0.7333333333)
(1 0 0.7333333333)
(0 0.005 0.7333333333)
(1 0.005 0.7333333333)
(0 0.01 0.7333333333)
(1 0.01 0.7333333333)
(0 0.015 0.7333333333)
(1 0.015 0.7333333333)
(0 0.02 0.7333333333)
(1 0.02 0.7333333333)
(0 0.025 0.7333333333)
(1 0.025 0.7333333333)
(0 0.03 0.7333333333)
(1 0.03 0.7333333333)
(0 0.035 0.7333333333)
(1 0.035 0.7333333333)
(0 0.04 0.7333333333)
(1 0.04 0.7333333333)
(0 0.045 0.7333333333)
(1 0.045 0.7333333333)
(0 0.05 0.7333333333)
(1 0.05 0.7333333333)
(0 0.055 0.7333333333)
(1 0.055 0.7333333333)
(0 0.06 0.7333333333)
(1 0.06 0.7333333333)
(0 0.065 0.7333333333)
(1 0.065 0.7333333333)
(0 0.07 0.7333333333)
(1 0.07 0.7333333333)
(0 0.075 0.7333333333)
(1 0.075 0.7333333333)
(0 0.08 0.7333333333)
(1 0.08 0.7333333333)
(0 0.085 0.7333333333)
(1 0.085 0.7333333333)
(0 0.09 0.7333333333)
(1 0.09 0.7333333333)
(0 0.095 0.7333333333)
(1 0.095 0.7333333333)
(0 0.1 0.7333333333)
(1 0.1 0.7333333333)
(0 0.105 0.7333333333)
(1 0.105 0.7333333333)
(0 0.11 0.7333333333)
(1 0.11 0.7333333333)
(0 0.115 0.7333333333)
(1 0.115 0.7333333333)
(0 0.12 0.7333333333)
(1 0.12 0.7333333333)
(0 0.125 0.7333333333)
(1 0.125 0.7333333333)
(0 0.13 0.7333333333)
(1 0.13 0.7333333333)
(0 0.135 0.7333333333)
(1 0.135 0.7333333333)
(0 0.14 0.7333333333)
(1 0.14 0.7333333333)
(0 0.145 0.7333333333)
(1 0.145 0.7333333333)
(0 0.15 0.7333333333)
(1 0.15 0.7333333333)
(0 0.155 0.7333333333)
(1 0.155 0.7333333333)
(0 0.16 0.7333333333)
(1 0.16 0.7333333333)
(0 0.165 0.7333333333)
(1 0.165 0.7333333333)
(0 0.17 0.7333333333)
(1 0.17 0.7333333333)
(0 0.175 0.7333333333)
(1 0.175 0.7333333333)
(0 0.18 0.7333333333)
(1 0.18 0.7333333333)
(0 0.185 0.7333333333)
(1 0.185 0.7333333333)
(0 0.19 0.7333333333)
(1 0.19 0.7333333333)
(0 0.195 0.7333333333)
(1 0.195 0.7333333333)
(0 0.2 0.7333333333)
(1 0.2 0.7333333333)
(0 0.205 0.7333333333)
(1 0.205 0.7333333333)
(0 0.21 0.7333333333)
(1 0.21 0.7333333333)
(0 0.215 0.7333333333)
(1 0.215 0.7333333333)
(0 0.22 0.7333333333)
(1 0.22 0.7333333333)
(0 0.225 0.7333333333)
(1 0.225 0.7333333333)
(0 0.23 0.7333333333)
(1 0.23 0.7333333333)
(0 0.235 0.7333333333)
(1 0.235 0.7333333333)
(0 0.24 0.7333333333)
(1 0.24 0.7333333333)
(0 0.245 0.7333333333)
(1 0.245 0.7333333333)
(0 0.25 0.7333333333)
(1 0.25 0.7333333333)
(0 0.255 0.7333333333)
(1 0.255 0.7333333333)
(0 0.26 0.7333333333)
(1 0.26 0.7333333333)
(0 0.265 0.7333333333)
(1 0.265 0.7333333333)
(0 0.27 0.7333333333)
(1 0.27 0.7333333333)
(0 0.275 0.7333333333)
(1 0.275 0.7333333333)
(0 0.28 0.7333333333)
(1 0.28 0.7333333333)
(0 0.285 0.7333333333)
(1 0.285 0.7333333333)
(0 0.29 0.7333333333)
(1 0.29 0.7333333333)
(0 0.295 0.7333333333)
(1 0.295 0.7333333333)
(0 0.3 0.7333333333)
(1 0.3 0.7333333333)
(0 0.305 0.7333333333)
(1 0.305 0.7333333333)
(0 0.31 0.7333333333)
(1 0.31 0.7333333333)
(0 0.315 0.7333333333)
(1 0.315 0.7333333333)
(0 0.32 0.7333333333)
(1 0.32 0.7333333333)
(0 0.325 0.7333333333)
(1 0.325 0.7333333333)
(0 0.33 0.7333333333)
(1 0.33 0.7333333333)
(0 0.335 0.7333333333)
(1 0.335 0.7333333333)
(0 0.34 0.7333333333)
(1 0.34 0.7333333333)
(0 0.345 0.7333333333)
(1 0.345 0.7333333333)
(0 0.35 0.7333333333)
(1 0.35 0.7333333333)
(0 0.355 0.7333333333)
(1 0.355 0.7333333333)
(0 0.36 0.7333333333)
(1 0.36 0.7333333333)
(0 0 0.75)
(1 0 0.75)
(0 0.005 0.75)
(1 0.005 0.75)
(0 0.01 0.75)
(1 0.01 0.75)
(0 0.015 0.75)
(1 0.015 0.75)
(0 0.02 0.75)
(1 0.02 0.75)
(0 0.025 0.75)
(1 0.025 0.75)
(0 0.03 0.75)
(1 0.03 0.75)
(0 0.035 0.75)
(1 0.035 0.75)
(0 0.04 0.75)
(1 0.04 0.75)
(0 0.045 0.75)
(1 0.045 0.75)
(0 0.05 0.75)
(1 0.05 0.75)
(0 0.055 0.75)
(1 0.055 0.75)
(0 0.06 0.75)
(1 0.06 0.75)
(0 0.065 0.75)
(1 0.065 0.75)
(0 0.07 0.75)
(1 0.07 0.75)
(0 0.075 0.75)
(1 0.075 0.75)
(0 0.08 0.75)
(1 0.08 0.75)
(0 0.085 0.75)
(1 0.085 0.75)
(0 0.09 0.75)
(1 0.09 0.75)
(0 0.095 0.75)
(1 0.095 0.75)
(0 0.1 0.75)
(1 0.1 0.75)
(0 0.105 0.75)
(1 0.105 0.75)
(0 0.11 0.75)
(1 0.11 0.75)
(0 0.115 0.75)
(1 0.115 0.75)
(0 0.12 0.75)
(1 0.12 0.75)
(0 0.125 0.75)
(1 0.125 0.75)
(0 0.13 0.75)
(1 0.13 0.75)
(0 0.135 0.75)
(1 0.135 0.75)
(0 0.14 0.75)
(1 0.14 0.75)
(0 0.145 0.75)
(1 0.145 0.75)
(0 0.15 0.75)
(1 0.15 0.75)
(0 0.155 0.75)
(1 0.155 0.75)
(0 0.16 0.75)
(1 0.16 0.75)
(0 0.165 0.75)
(1 0.165 0.75)
(0 0.17 0.75)
(1 0.17 0.75)
(0 0.175 0.75)
(1 0.175 0.75)
(0 0.18 0.75)
(1 0.18 0.75)
(0 0.185 0.75)
(1 0.185 0.75)
(0 0.19 0.75)
(1 0.19 0.75)
(0 0.195 0.75)
(1 0.195 0.75)
(0 0.2 0.75)
(1 0.2 0.75)
(0 0.205 0.75)
(1 0.205 0.75)
(0 0.21 0.75)
(1 0.21 0.75)
(0 0.215 0.75)
(1 0.215 0.75)
(0 0.22 0.75)
(1 0.22 0.75)
(0 0.225 0.75)
(1 0.225 0.75)
(0 0.23 0.75)
(1 0.23 0.75)
(0 0.235 0.75)
(1 0.235 0.75)
(0 0.24 0.75)
(1 0.24 0.75)
(0 0.245 0.75)
(1 0.245 0.75)
(0 0.25 0.75)
(1 0.25 0.75)
(0 0.255 0.75)
(1 0.255 0.75)
(0 0.26 0.75)
(1 0.26 0.75)
(0 0.265 0.75)
(1 0.265 0.75)
(0 0.27 0.75)
(1 0.27 0.75)
(0 0.275 0.75)
(1 0.275 0.75)
(0 0.28 0.75)
(1 0.28 0.75)
(0 0.285 0.75)
(1 0.285 0.75)
(0 0.29 0.75)
(1 0.29 0.75)
(0 0.295 0.75)
(1 0.295 0.75)
(0 0.3 0.75)
(1 0.3 0.75)
(0 0.305 0.75)
(1 0.305 0.75)
(0 0.31 0.75)
(1 0.31 0.75)
(0 0.315 0.75)
(1 0.315 0.75)
(0 0.32 0.75)
(1 0.32 0.75)
(0 0.325 0.75)
(1 0.325 0.75)
(0 0.33 0.75)
(1 0.33 0.75)
(0 0.335 0.75)
(1 0.335 0.75)
(0 0.34 0.75)
(1 0.34 0.75)
(0 0.345 0.75)
(1 0.345 0.75)
(0 0.35 0.75)
(1 0.35 0.75)
(0 0.355 0.75)
(1 0.355 0.75)
(0 0.36 0.75)
(1 0.36 0.75)
(0 0 0.7666666667)
(1 0 0.7666666667)
(0 0.005 0.7666666667)
(1 0.005 0.7666666667)
(0 0.01 0.7666666667)
(1 0.01 0.7666666667)
(0 0.015 0.7666666667)
(1 0.015 0.7666666667)
(0 0.02 0.7666666667)
(1 0.02 0.7666666667)
(0 0.025 0.7666666667)
(1 0.025 0.7666666667)
(0 0.03 0.7666666667)
(1 0.03 0.7666666667)
(0 0.035 0.7666666667)
(1 0.035 0.7666666667)
(0 0.04 0.7666666667)
(1 0.04 0.7666666667)
(0 0.045 0.7666666667)
(1 0.045 0.7666666667)
(0 0.05 0.7666666667)
(1 0.05 0.7666666667)
(0 0.055 0.7666666667)
(1 0.055 0.7666666667)
(0 0.06 0.7666666667)
(1 0.06 0.7666666667)
(0 0.065 0.7666666667)
(1 0.065 0.7666666667)
(0 0.07 0.7666666667)
(1 0.07 0.7666666667)
(0 0.075 0.7666666667)
(1 0.075 0.7666666667)
(0 0.08 0.7666666667)
(1 0.08 0.7666666667)
(0 0.085 0.7666666667)
(1 0.085 0.7666666667)
(0 0.09 0.7666666667)
(1 0.09 0.7666666667)
(0 0.095 0.7666666667)
(1 0.095 0.7666666667)
(0 0.1 0.7666666667)
(1 0.1 0.7666666667)
(0 0.105 0.7666666667)
(1 0.105 0.7666666667)
(0 0.11 0.7666666667)
(1 0.11 0.7666666667)
(0 0.115 0.7666666667)
(1 0.115 0.7666666667)
(0 0.12 0.7666666667)
(1 0.12 0.7666666667)
(0 0.125 0.7666666667)
(1 0.125 0.7666666667)
(0 0.13 0.7666666667)
(1 0.13 0.7666666667)
(0 0.135 0.7666666667)
(1 0.135 0.7666666667)
(0 0.14 0.7666666667)
(1 0.14 0.7666666667)
(0 0.145 0.7666666667)
(1 0.145 0.7666666667)
(0 0.15 0.7666666667)
(1 0.15 0.7666666667)
(0 0.155 0.7666666667)
(1 0.155 0.7666666667)
(0 0.16 0.7666666667)
(1 0.16 0.7666666667)
(0 0.165 0.7666666667)
(1 0.165 0.7666666667)
(0 0.17 0.7666666667)
(1 0.17 0.7666666667)
(0 0.175 0.7666666667)
(1 0.175 0.7666666667)
(0 0.18 0.7666666667)
(1 0.18 0.7666666667)
(0 0.185 0.7666666667)
(1 0.185 0.7666666667)
(0 0.19 0.7666666667)
(1 0.19 0.7666666667)
(0 0.195 0.7666666667)
(1 0.195 0.7666666667)
(0 0.2 0.7666666667)
(1 0.2 0.7666666667)
(0 0.205 0.7666666667)
(1 0.205 0.7666666667)
(0 0.21 0.7666666667)
(1 0.21 0.7666666667)
(0 0.215 0.7666666667)
(1 0.215 0.7666666667)
(0 0.22 0.7666666667)
(1 0.22 0.7666666667)
(0 0.225 0.7666666667)
(1 0.225 0.7666666667)
(0 0.23 0.7666666667)
(1 0.23 0.7666666667)
(0 0.235 0.7666666667)
(1 0.235 0.7666666667)
(0 0.24 0.7666666667)
(1 0.24 0.7666666667)
(0 0.245 0.7666666667)
(1 0.245 0.7666666667)
(0 0.25 0.7666666667)
(1 0.25 0.7666666667)
(0 0.255 0.7666666667)
(1 0.255 0.7666666667)
(0 0.26 0.7666666667)
(1 0.26 0.7666666667)
(0 0.265 0.7666666667)
(1 0.265 0.7666666667)
(0 0.27 0.7666666667)
(1 0.27 0.7666666667)
(0 0.275 0.7666666667)
(1 0.275 0.7666666667)
(0 0.28 0.7666666667)
(1 0.28 0.7666666667)
(0 0.285 0.7666666667)
(1 0.285 0.7666666667)
(0 0.29 0.7666666667)
(1 0.29 0.7666666667)
(0 0.295 0.7666666667)
(1 0.295 0.7666666667)
(0 0.3 0.7666666667)
(1 0.3 0.7666666667)
(0 0.305 0.7666666667)
(1 0.305 0.7666666667)
(0 0.31 0.7666666667)
(1 0.31 0.7666666667)
(0 0.315 0.7666666667)
(1 0.315 0.7666666667)
(0 0.32 0.7666666667)
(1 0.32 0.7666666667)
(0 0.325 0.7666666667)
(1 0.325 0.7666666667)
(0 0.33 0.7666666667)
(1 0.33 0.7666666667)
(0 0.335 0.7666666667)
(1 0.335 0.7666666667)
(0 0.34 0.7666666667)
(1 0.34 0.7666666667)
(0 0.345 0.7666666667)
(1 0.345 0.7666666667)
(0 0.35 0.7666666667)
(1 0.35 0.7666666667)
(0 0.355 0.7666666667)
(1 0.355 0.7666666667)
(0 0.36 0.7666666667)
(1 0.36 0.7666666667)
(0 0 0.7833333333)
(1 0 0.7833333333)
(0 0.005 0.7833333333)
(1 0.005 0.7833333333)
(0 0.01 0.7833333333)
(1 0.01 0.7833333333)
(0 0.015 0.7833333333)
(1 0.015 0.7833333333)
(0 0.02 0.7833333333)
(1 0.02 0.7833333333)
(0 0.025 0.7833333333)
(1 0.025 0.7833333333)
(0 0.03 0.7833333333)
(1 0.03 0.7833333333)
(0 0.035 0.7833333333)
(1 0.035 0.7833333333)
(0 0.04 0.7833333333)
(1 0.04 0.7833333333)
(0 0.045 0.7833333333)
(1 0.045 0.7833333333)
(0 0.05 0.7833333333)
(1 0.05 0.7833333333)
(0 0.055 0.7833333333)
(1 0.055 0.7833333333)
(0 0.06 0.7833333333)
(1 0.06 0.7833333333)
(0 0.065 0.7833333333)
(1 0.065 0.7833333333)
(0 0.07 0.7833333333)
(1 0.07 0.7833333333)
(0 0.075 0.7833333333)
(1 0.075 0.7833333333)
(0 0.08 0.7833333333)
(1 0.08 0.7833333333)
(0 0.085 0.7833333333)
(1 0.085 0.7833333333)
(0 0.09 0.7833333333)
(1 0.09 0.7833333333)
(0 0.095 0.7833333333)
(1 0.095 0.7833333333)
(0 0.1 0.7833333333)
(1 0.1 0.7833333333)
(0 0.105 0.7833333333)
(1 0.105 0.7833333333)
(0 0.11 0.7833333333)
(1 0.11 0.7833333333)
(0 0.115 0.7833333333)
(1 0.115 0.7833333333)
(0 0.12 0.7833333333)
(1 0.12 0.7833333333)
(0 0.125 0.7833333333)
(1 0.125 0.7833333333)
(0 0.13 0.7833333333)
(1 0.13 0.7833333333)
(0 0.135 0.7833333333)
(1 0.135 0.7833333333)
(0 0.14 0.7833333333)
(1 0.14 0.7833333333)
(0 0.145 0.7833333333)
(1 0.145 0.7833333333)
(0 0.15 0.7833333333)
(1 0.15 0.7833333333)
(0 0.155 0.7833333333)
(1 0.155 0.7833333333)
(0 0.16 0.7833333333)
(1 0.16 0.7833333333)
(0 0.165 0.7833333333)
(1 0.165 0.7833333333)
(0 0.17 0.7833333333)
(1 0.17 0.7833333333)
(0 0.175 0.7833333333)
(1 0.175 0.7833333333)
(0 0.18 0.7833333333)
(1 0.18 0.7833333333)
(0 0.185 0.7833333333)
(1 0.185 0.7833333333)
(0 0.19 0.7833333333)
(1 0.19 0.7833333333)
(0 0.195 0.7833333333)
(1 0.195 0.7833333333)
(0 0.2 0.7833333333)
(1 0.2 0.7833333333)
(0 0.205 0.7833333333)
(1 0.205 0.7833333333)
(0 0.21 0.7833333333)
(1 0.21 0.7833333333)
(0 0.215 0.7833333333)
(1 0.215 0.7833333333)
(0 0.22 0.7833333333)
(1 0.22 0.7833333333)
(0 0.225 0.7833333333)
(1 0.225 0.7833333333)
(0 0.23 0.7833333333)
(1 0.23 0.7833333333)
(0 0.235 0.7833333333)
(1 0.235 0.7833333333)
(0 0.24 0.7833333333)
(1 0.24 0.7833333333)
(0 0.245 0.7833333333)
(1 0.245 0.7833333333)
(0 0.25 0.7833333333)
(1 0.25 0.7833333333)
(0 0.255 0.7833333333)
(1 0.255 0.7833333333)
(0 0.26 0.7833333333)
(1 0.26 0.7833333333)
(0 0.265 0.7833333333)
(1 0.265 0.7833333333)
(0 0.27 0.7833333333)
(1 0.27 0.7833333333)
(0 0.275 0.7833333333)
(1 0.275 0.7833333333)
(0 0.28 0.7833333333)
(1 0.28 0.7833333333)
(0 0.285 0.7833333333)
(1 0.285 0.7833333333)
(0 0.29 0.7833333333)
(1 0.29 0.7833333333)
(0 0.295 0.7833333333)
(1 0.295 0.7833333333)
(0 0.3 0.7833333333)
(1 0.3 0.7833333333)
(0 0.305 0.7833333333)
(1 0.305 0.7833333333)
(0 0.31 0.7833333333)
(1 0.31 0.7833333333)
(0 0.315 0.7833333333)
(1 0.315 0.7833333333)
(0 0.32 0.7833333333)
(1 0.32 0.7833333333)
(0 0.325 0.7833333333)
(1 0.325 0.7833333333)
(0 0.33 0.7833333333)
(1 0.33 0.7833333333)
(0 0.335 0.7833333333)
(1 0.335 0.7833333333)
(0 0.34 0.7833333333)
(1 0.34 0.7833333333)
(0 0.345 0.7833333333)
(1 0.345 0.7833333333)
(0 0.35 0.7833333333)
(1 0.35 0.7833333333)
(0 0.355 0.7833333333)
(1 0.355 0.7833333333)
(0 0.36 0.7833333333)
(1 0.36 0.7833333333)
(0 0 0.8)
(1 0 0.8)
(0 0.005 0.8)
(1 0.005 0.8)
(0 0.01 0.8)
(1 0.01 0.8)
(0 0.015 0.8)
(1 0.015 0.8)
(0 0.02 0.8)
(1 0.02 0.8)
(0 0.025 0.8)
(1 0.025 0.8)
(0 0.03 0.8)
(1 0.03 0.8)
(0 0.035 0.8)
(1 0.035 0.8)
(0 0.04 0.8)
(1 0.04 0.8)
(0 0.045 0.8)
(1 0.045 0.8)
(0 0.05 0.8)
(1 0.05 0.8)
(0 0.055 0.8)
(1 0.055 0.8)
(0 0.06 0.8)
(1 0.06 0.8)
(0 0.065 0.8)
(1 0.065 0.8)
(0 0.07 0.8)
(1 0.07 0.8)
(0 0.075 0.8)
(1 0.075 0.8)
(0 0.08 0.8)
(1 0.08 0.8)
(0 0.085 0.8)
(1 0.085 0.8)
(0 0.09 0.8)
(1 0.09 0.8)
(0 0.095 0.8)
(1 0.095 0.8)
(0 0.1 0.8)
(1 0.1 0.8)
(0 0.105 0.8)
(1 0.105 0.8)
(0 0.11 0.8)
(1 0.11 0.8)
(0 0.115 0.8)
(1 0.115 0.8)
(0 0.12 0.8)
(1 0.12 0.8)
(0 0.125 0.8)
(1 0.125 0.8)
(0 0.13 0.8)
(1 0.13 0.8)
(0 0.135 0.8)
(1 0.135 0.8)
(0 0.14 0.8)
(1 0.14 0.8)
(0 0.145 0.8)
(1 0.145 0.8)
(0 0.15 0.8)
(1 0.15 0.8)
(0 0.155 0.8)
(1 0.155 0.8)
(0 0.16 0.8)
(1 0.16 0.8)
(0 0.165 0.8)
(1 0.165 0.8)
(0 0.17 0.8)
(1 0.17 0.8)
(0 0.175 0.8)
(1 0.175 0.8)
(0 0.18 0.8)
(1 0.18 0.8)
(0 0.185 0.8)
(1 0.185 0.8)
(0 0.19 0.8)
(1 0.19 0.8)
(0 0.195 0.8)
(1 0.195 0.8)
(0 0.2 0.8)
(1 0.2 0.8)
(0 0.205 0.8)
(1 0.205 0.8)
(0 0.21 0.8)
(1 0.21 0.8)
(0 0.215 0.8)
(1 0.215 0.8)
(0 0.22 0.8)
(1 0.22 0.8)
(0 0.225 0.8)
(1 0.225 0.8)
(0 0.23 0.8)
(1 0.23 0.8)
(0 0.235 0.8)
(1 0.235 0.8)
(0 0.24 0.8)
(1 0.24 0.8)
(0 0.245 0.8)
(1 0.245 0.8)
(0 0.25 0.8)
(1 0.25 0.8)
(0 0.255 0.8)
(1 0.255 0.8)
(0 0.26 0.8)
(1 0.26 0.8)
(0 0.265 0.8)
(1 0.265 0.8)
(0 0.27 0.8)
(1 0.27 0.8)
(0 0.275 0.8)
(1 0.275 0.8)
(0 0.28 0.8)
(1 0.28 0.8)
(0 0.285 0.8)
(1 0.285 0.8)
(0 0.29 0.8)
(1 0.29 0.8)
(0 0.295 0.8)
(1 0.295 0.8)
(0 0.3 0.8)
(1 0.3 0.8)
(0 0.305 0.8)
(1 0.305 0.8)
(0 0.31 0.8)
(1 0.31 0.8)
(0 0.315 0.8)
(1 0.315 0.8)
(0 0.32 0.8)
(1 0.32 0.8)
(0 0.325 0.8)
(1 0.325 0.8)
(0 0.33 0.8)
(1 0.33 0.8)
(0 0.335 0.8)
(1 0.335 0.8)
(0 0.34 0.8)
(1 0.34 0.8)
(0 0.345 0.8)
(1 0.345 0.8)
(0 0.35 0.8)
(1 0.35 0.8)
(0 0.355 0.8)
(1 0.355 0.8)
(0 0.36 0.8)
(1 0.36 0.8)
(0 0 0.8166666667)
(1 0 0.8166666667)
(0 0.005 0.8166666667)
(1 0.005 0.8166666667)
(0 0.01 0.8166666667)
(1 0.01 0.8166666667)
(0 0.015 0.8166666667)
(1 0.015 0.8166666667)
(0 0.02 0.8166666667)
(1 0.02 0.8166666667)
(0 0.025 0.8166666667)
(1 0.025 0.8166666667)
(0 0.03 0.8166666667)
(1 0.03 0.8166666667)
(0 0.035 0.8166666667)
(1 0.035 0.8166666667)
(0 0.04 0.8166666667)
(1 0.04 0.8166666667)
(0 0.045 0.8166666667)
(1 0.045 0.8166666667)
(0 0.05 0.8166666667)
(1 0.05 0.8166666667)
(0 0.055 0.8166666667)
(1 0.055 0.8166666667)
(0 0.06 0.8166666667)
(1 0.06 0.8166666667)
(0 0.065 0.8166666667)
(1 0.065 0.8166666667)
(0 0.07 0.8166666667)
(1 0.07 0.8166666667)
(0 0.075 0.8166666667)
(1 0.075 0.8166666667)
(0 0.08 0.8166666667)
(1 0.08 0.8166666667)
(0 0.085 0.8166666667)
(1 0.085 0.8166666667)
(0 0.09 0.8166666667)
(1 0.09 0.8166666667)
(0 0.095 0.8166666667)
(1 0.095 0.8166666667)
(0 0.1 0.8166666667)
(1 0.1 0.8166666667)
(0 0.105 0.8166666667)
(1 0.105 0.8166666667)
(0 0.11 0.8166666667)
(1 0.11 0.8166666667)
(0 0.115 0.8166666667)
(1 0.115 0.8166666667)
(0 0.12 0.8166666667)
(1 0.12 0.8166666667)
(0 0.125 0.8166666667)
(1 0.125 0.8166666667)
(0 0.13 0.8166666667)
(1 0.13 0.8166666667)
(0 0.135 0.8166666667)
(1 0.135 0.8166666667)
(0 0.14 0.8166666667)
(1 0.14 0.8166666667)
(0 0.145 0.8166666667)
(1 0.145 0.8166666667)
(0 0.15 0.8166666667)
(1 0.15 0.8166666667)
(0 0.155 0.8166666667)
(1 0.155 0.8166666667)
(0 0.16 0.8166666667)
(1 0.16 0.8166666667)
(0 0.165 0.8166666667)
(1 0.165 0.8166666667)
(0 0.17 0.8166666667)
(1 0.17 0.8166666667)
(0 0.175 0.8166666667)
(1 0.175 0.8166666667)
(0 0.18 0.8166666667)
(1 0.18 0.8166666667)
(0 0.185 0.8166666667)
(1 0.185 0.8166666667)
(0 0.19 0.8166666667)
(1 0.19 0.8166666667)
(0 0.195 0.8166666667)
(1 0.195 0.8166666667)
(0 0.2 0.8166666667)
(1 0.2 0.8166666667)
(0 0.205 0.8166666667)
(1 0.205 0.8166666667)
(0 0.21 0.8166666667)
(1 0.21 0.8166666667)
(0 0.215 0.8166666667)
(1 0.215 0.8166666667)
(0 0.22 0.8166666667)
(1 0.22 0.8166666667)
(0 0.225 0.8166666667)
(1 0.225 0.8166666667)
(0 0.23 0.8166666667)
(1 0.23 0.8166666667)
(0 0.235 0.8166666667)
(1 0.235 0.8166666667)
(0 0.24 0.8166666667)
(1 0.24 0.8166666667)
(0 0.245 0.8166666667)
(1 0.245 0.8166666667)
(0 0.25 0.8166666667)
(1 0.25 0.8166666667)
(0 0.255 0.8166666667)
(1 0.255 0.8166666667)
(0 0.26 0.8166666667)
(1 0.26 0.8166666667)
(0 0.265 0.8166666667)
(1 0.265 0.8166666667)
(0 0.27 0.8166666667)
(1 0.27 0.8166666667)
(0 0.275 0.8166666667)
(1 0.275 0.8166666667)
(0 0.28 0.8166666667)
(1 0.28 0.8166666667)
(0 0.285 0.8166666667)
(1 0.285 0.8166666667)
(0 0.29 0.8166666667)
(1 0.29 0.8166666667)
(0 0.295 0.8166666667)
(1 0.295 0.8166666667)
(0 0.3 0.8166666667)
(1 0.3 0.8166666667)
(0 0.305 0.8166666667)
(1 0.305 0.8166666667)
(0 0.31 0.8166666667)
(1 0.31 0.8166666667)
(0 0.315 0.8166666667)
(1 0.315 0.8166666667)
(0 0.32 0.8166666667)
(1 0.32 0.8166666667)
(0 0.325 0.8166666667)
(1 0.325 0.8166666667)
(0 0.33 0.8166666667)
(1 0.33 0.8166666667)
(0 0.335 0.8166666667)
(1 0.335 0.8166666667)
(0 0.34 0.8166666667)
(1 0.34 0.8166666667)
(0 0.345 0.8166666667)
(1 0.345 0.8166666667)
(0 0.35 0.8166666667)
(1 0.35 0.8166666667)
(0 0.355 0.8166666667)
(1 0.355 0.8166666667)
(0 0.36 0.8166666667)
(1 0.36 0.8166666667)
(0 0 0.8333333333)
(1 0 0.8333333333)
(0 0.005 0.8333333333)
(1 0.005 0.8333333333)
(0 0.01 0.8333333333)
(1 0.01 0.8333333333)
(0 0.015 0.8333333333)
(1 0.015 0.8333333333)
(0 0.02 0.8333333333)
(1 0.02 0.8333333333)
(0 0.025 0.8333333333)
(1 0.025 0.8333333333)
(0 0.03 0.8333333333)
(1 0.03 0.8333333333)
(0 0.035 0.8333333333)
(1 0.035 0.8333333333)
(0 0.04 0.8333333333)
(1 0.04 0.8333333333)
(0 0.045 0.8333333333)
(1 0.045 0.8333333333)
(0 0.05 0.8333333333)
(1 0.05 0.8333333333)
(0 0.055 0.8333333333)
(1 0.055 0.8333333333)
(0 0.06 0.8333333333)
(1 0.06 0.8333333333)
(0 0.065 0.8333333333)
(1 0.065 0.8333333333)
(0 0.07 0.8333333333)
(1 0.07 0.8333333333)
(0 0.075 0.8333333333)
(1 0.075 0.8333333333)
(0 0.08 0.8333333333)
(1 0.08 0.8333333333)
(0 0.085 0.8333333333)
(1 0.085 0.8333333333)
(0 0.09 0.8333333333)
(1 0.09 0.8333333333)
(0 0.095 0.8333333333)
(1 0.095 0.8333333333)
(0 0.1 0.8333333333)
(1 0.1 0.8333333333)
(0 0.105 0.8333333333)
(1 0.105 0.8333333333)
(0 0.11 0.8333333333)
(1 0.11 0.8333333333)
(0 0.115 0.8333333333)
(1 0.115 0.8333333333)
(0 0.12 0.8333333333)
(1 0.12 0.8333333333)
(0 0.125 0.8333333333)
(1 0.125 0.8333333333)
(0 0.13 0.8333333333)
(1 0.13 0.8333333333)
(0 0.135 0.8333333333)
(1 0.135 0.8333333333)
(0 0.14 0.8333333333)
(1 0.14 0.8333333333)
(0 0.145 0.8333333333)
(1 0.145 0.8333333333)
(0 0.15 0.8333333333)
(1 0.15 0.8333333333)
(0 0.155 0.8333333333)
(1 0.155 0.8333333333)
(0 0.16 0.8333333333)
(1 0.16 0.8333333333)
(0 0.165 0.8333333333)
(1 0.165 0.8333333333)
(0 0.17 0.8333333333)
(1 0.17 0.8333333333)
(0 0.175 0.8333333333)
(1 0.175 0.8333333333)
(0 0.18 0.8333333333)
(1 0.18 0.8333333333)
(0 0.185 0.8333333333)
(1 0.185 0.8333333333)
(0 0.19 0.8333333333)
(1 0.19 0.8333333333)
(0 0.195 0.8333333333)
(1 0.195 0.8333333333)
(0 0.2 0.8333333333)
(1 0.2 0.8333333333)
(0 0.205 0.8333333333)
(1 0.205 0.8333333333)
(0 0.21 0.8333333333)
(1 0.21 0.8333333333)
(0 0.215 0.8333333333)
(1 0.215 0.8333333333)
(0 0.22 0.8333333333)
(1 0.22 0.8333333333)
(0 0.225 0.8333333333)
(1 0.225 0.8333333333)
(0 0.23 0.8333333333)
(1 0.23 0.8333333333)
(0 0.235 0.8333333333)
(1 0.235 0.8333333333)
(0 0.24 0.8333333333)
(1 0.24 0.8333333333)
(0 0.245 0.8333333333)
(1 0.245 0.8333333333)
(0 0.25 0.8333333333)
(1 0.25 0.8333333333)
(0 0.255 0.8333333333)
(1 0.255 0.8333333333)
(0 0.26 0.8333333333)
(1 0.26 0.8333333333)
(0 0.265 0.8333333333)
(1 0.265 0.8333333333)
(0 0.27 0.8333333333)
(1 0.27 0.8333333333)
(0 0.275 0.8333333333)
(1 0.275 0.8333333333)
(0 0.28 0.8333333333)
(1 0.28 0.8333333333)
(0 0.285 0.8333333333)
(1 0.285 0.8333333333)
(0 0.29 0.8333333333)
(1 0.29 0.8333333333)
(0 0.295 0.8333333333)
(1 0.295 0.8333333333)
(0 0.3 0.8333333333)
(1 0.3 0.8333333333)
(0 0.305 0.8333333333)
(1 0.305 0.8333333333)
(0 0.31 0.8333333333)
(1 0.31 0.8333333333)
(0 0.315 0.8333333333)
(1 0.315 0.8333333333)
(0 0.32 0.8333333333)
(1 0.32 0.8333333333)
(0 0.325 0.8333333333)
(1 0.325 0.8333333333)
(0 0.33 0.8333333333)
(1 0.33 0.8333333333)
(0 0.335 0.8333333333)
(1 0.335 0.8333333333)
(0 0.34 0.8333333333)
(1 0.34 0.8333333333)
(0 0.345 0.8333333333)
(1 0.345 0.8333333333)
(0 0.35 0.8333333333)
(1 0.35 0.8333333333)
(0 0.355 0.8333333333)
(1 0.355 0.8333333333)
(0 0.36 0.8333333333)
(1 0.36 0.8333333333)
(0 0 0.85)
(1 0 0.85)
(0 0.005 0.85)
(1 0.005 0.85)
(0 0.01 0.85)
(1 0.01 0.85)
(0 0.015 0.85)
(1 0.015 0.85)
(0 0.02 0.85)
(1 0.02 0.85)
(0 0.025 0.85)
(1 0.025 0.85)
(0 0.03 0.85)
(1 0.03 0.85)
(0 0.035 0.85)
(1 0.035 0.85)
(0 0.04 0.85)
(1 0.04 0.85)
(0 0.045 0.85)
(1 0.045 0.85)
(0 0.05 0.85)
(1 0.05 0.85)
(0 0.055 0.85)
(1 0.055 0.85)
(0 0.06 0.85)
(1 0.06 0.85)
(0 0.065 0.85)
(1 0.065 0.85)
(0 0.07 0.85)
(1 0.07 0.85)
(0 0.075 0.85)
(1 0.075 0.85)
(0 0.08 0.85)
(1 0.08 0.85)
(0 0.085 0.85)
(1 0.085 0.85)
(0 0.09 0.85)
(1 0.09 0.85)
(0 0.095 0.85)
(1 0.095 0.85)
(0 0.1 0.85)
(1 0.1 0.85)
(0 0.105 0.85)
(1 0.105 0.85)
(0 0.11 0.85)
(1 0.11 0.85)
(0 0.115 0.85)
(1 0.115 0.85)
(0 0.12 0.85)
(1 0.12 0.85)
(0 0.125 0.85)
(1 0.125 0.85)
(0 0.13 0.85)
(1 0.13 0.85)
(0 0.135 0.85)
(1 0.135 0.85)
(0 0.14 0.85)
(1 0.14 0.85)
(0 0.145 0.85)
(1 0.145 0.85)
(0 0.15 0.85)
(1 0.15 0.85)
(0 0.155 0.85)
(1 0.155 0.85)
(0 0.16 0.85)
(1 0.16 0.85)
(0 0.165 0.85)
(1 0.165 0.85)
(0 0.17 0.85)
(1 0.17 0.85)
(0 0.175 0.85)
(1 0.175 0.85)
(0 0.18 0.85)
(1 0.18 0.85)
(0 0.185 0.85)
(1 0.185 0.85)
(0 0.19 0.85)
(1 0.19 0.85)
(0 0.195 0.85)
(1 0.195 0.85)
(0 0.2 0.85)
(1 0.2 0.85)
(0 0.205 0.85)
(1 0.205 0.85)
(0 0.21 0.85)
(1 0.21 0.85)
(0 0.215 0.85)
(1 0.215 0.85)
(0 0.22 0.85)
(1 0.22 0.85)
(0 0.225 0.85)
(1 0.225 0.85)
(0 0.23 0.85)
(1 0.23 0.85)
(0 0.235 0.85)
(1 0.235 0.85)
(0 0.24 0.85)
(1 0.24 0.85)
(0 0.245 0.85)
(1 0.245 0.85)
(0 0.25 0.85)
(1 0.25 0.85)
(0 0.255 0.85)
(1 0.255 0.85)
(0 0.26 0.85)
(1 0.26 0.85)
(0 0.265 0.85)
(1 0.265 0.85)
(0 0.27 0.85)
(1 0.27 0.85)
(0 0.275 0.85)
(1 0.275 0.85)
(0 0.28 0.85)
(1 0.28 0.85)
(0 0.285 0.85)
(1 0.285 0.85)
(0 0.29 0.85)
(1 0.29 0.85)
(0 0.295 0.85)
(1 0.295 0.85)
(0 0.3 0.85)
(1 0.3 0.85)
(0 0.305 0.85)
(1 0.305 0.85)
(0 0.31 0.85)
(1 0.31 0.85)
(0 0.315 0.85)
(1 0.315 0.85)
(0 0.32 0.85)
(1 0.32 0.85)
(0 0.325 0.85)
(1 0.325 0.85)
(0 0.33 0.85)
(1 0.33 0.85)
(0 0.335 0.85)
(1 0.335 0.85)
(0 0.34 0.85)
(1 0.34 0.85)
(0 0.345 0.85)
(1 0.345 0.85)
(0 0.35 0.85)
(1 0.35 0.85)
(0 0.355 0.85)
(1 0.355 0.85)
(0 0.36 0.85)
(1 0.36 0.85)
(0 0 0.8666666667)
(1 0 0.8666666667)
(0 0.005 0.8666666667)
(1 0.005 0.8666666667)
(0 0.01 0.8666666667)
(1 0.01 0.8666666667)
(0 0.015 0.8666666667)
(1 0.015 0.8666666667)
(0 0.02 0.8666666667)
(1 0.02 0.8666666667)
(0 0.025 0.8666666667)
(1 0.025 0.8666666667)
(0 0.03 0.8666666667)
(1 0.03 0.8666666667)
(0 0.035 0.8666666667)
(1 0.035 0.8666666667)
(0 0.04 0.8666666667)
(1 0.04 0.8666666667)
(0 0.045 0.8666666667)
(1 0.045 0.8666666667)
(0 0.05 0.8666666667)
(1 0.05 0.8666666667)
(0 0.055 0.8666666667)
(1 0.055 0.8666666667)
(0 0.06 0.8666666667)
(1 0.06 0.8666666667)
(0 0.065 0.8666666667)
(1 0.065 0.8666666667)
(0 0.07 0.8666666667)
(1 0.07 0.8666666667)
(0 0.075 0.8666666667)
(1 0.075 0.8666666667)
(0 0.08 0.8666666667)
(1 0.08 0.8666666667)
(0 0.085 0.8666666667)
(1 0.085 0.8666666667)
(0 0.09 0.8666666667)
(1 0.09 0.8666666667)
(0 0.095 0.8666666667)
(1 0.095 0.8666666667)
(0 0.1 0.8666666667)
(1 0.1 0.8666666667)
(0 0.105 0.8666666667)
(1 0.105 0.8666666667)
(0 0.11 0.8666666667)
(1 0.11 0.8666666667)
(0 0.115 0.8666666667)
(1 0.115 0.8666666667)
(0 0.12 0.8666666667)
(1 0.12 0.8666666667)
(0 0.125 0.8666666667)
(1 0.125 0.8666666667)
(0 0.13 0.8666666667)
(1 0.13 0.8666666667)
(0 0.135 0.8666666667)
(1 0.135 0.8666666667)
(0 0.14 0.8666666667)
(1 0.14 0.8666666667)
(0 0.145 0.8666666667)
(1 0.145 0.8666666667)
(0 0.15 0.8666666667)
(1 0.15 0.8666666667)
(0 0.155 0.8666666667)
(1 0.155 0.8666666667)
(0 0.16 0.8666666667)
(1 0.16 0.8666666667)
(0 0.165 0.8666666667)
(1 0.165 0.8666666667)
(0 0.17 0.8666666667)
(1 0.17 0.8666666667)
(0 0.175 0.8666666667)
(1 0.175 0.8666666667)
(0 0.18 0.8666666667)
(1 0.18 0.8666666667)
(0 0.185 0.8666666667)
(1 0.185 0.8666666667)
(0 0.19 0.8666666667)
(1 0.19 0.8666666667)
(0 0.195 0.8666666667)
(1 0.195 0.8666666667)
(0 0.2 0.8666666667)
(1 0.2 0.8666666667)
(0 0.205 0.8666666667)
(1 0.205 0.8666666667)
(0 0.21 0.8666666667)
(1 0.21 0.8666666667)
(0 0.215 0.8666666667)
(1 0.215 0.8666666667)
(0 0.22 0.8666666667)
(1 0.22 0.8666666667)
(0 0.225 0.8666666667)
(1 0.225 0.8666666667)
(0 0.23 0.8666666667)
(1 0.23 0.8666666667)
(0 0.235 0.8666666667)
(1 0.235 0.8666666667)
(0 0.24 0.8666666667)
(1 0.24 0.8666666667)
(0 0.245 0.8666666667)
(1 0.245 0.8666666667)
(0 0.25 0.8666666667)
(1 0.25 0.8666666667)
(0 0.255 0.8666666667)
(1 0.255 0.8666666667)
(0 0.26 0.8666666667)
(1 0.26 0.8666666667)
(0 0.265 0.8666666667)
(1 0.265 0.8666666667)
(0 0.27 0.8666666667)
(1 0.27 0.8666666667)
(0 0.275 0.8666666667)
(1 0.275 0.8666666667)
(0 0.28 0.8666666667)
(1 0.28 0.8666666667)
(0 0.285 0.8666666667)
(1 0.285 0.8666666667)
(0 0.29 0.8666666667)
(1 0.29 0.8666666667)
(0 0.295 0.8666666667)
(1 0.295 0.8666666667)
(0 0.3 0.8666666667)
(1 0.3 0.8666666667)
(0 0.305 0.8666666667)
(1 0.305 0.8666666667)
(0 0.31 0.8666666667)
(1 0.31 0.8666666667)
(0 0.315 0.8666666667)
(1 0.315 0.8666666667)
(0 0.32 0.8666666667)
(1 0.32 0.8666666667)
(0 0.325 0.8666666667)
(1 0.325 0.8666666667)
(0 0.33 0.8666666667)
(1 0.33 0.8666666667)
(0 0.335 0.8666666667)
(1 0.335 0.8666666667)
(0 0.34 0.8666666667)
(1 0.34 0.8666666667)
(0 0.345 0.8666666667)
(1 0.345 0.8666666667)
(0 0.35 0.8666666667)
(1 0.35 0.8666666667)
(0 0.355 0.8666666667)
(1 0.355 0.8666666667)
(0 0.36 0.8666666667)
(1 0.36 0.8666666667)
(0 0 0.8833333333)
(1 0 0.8833333333)
(0 0.005 0.8833333333)
(1 0.005 0.8833333333)
(0 0.01 0.8833333333)
(1 0.01 0.8833333333)
(0 0.015 0.8833333333)
(1 0.015 0.8833333333)
(0 0.02 0.8833333333)
(1 0.02 0.8833333333)
(0 0.025 0.8833333333)
(1 0.025 0.8833333333)
(0 0.03 0.8833333333)
(1 0.03 0.8833333333)
(0 0.035 0.8833333333)
(1 0.035 0.8833333333)
(0 0.04 0.8833333333)
(1 0.04 0.8833333333)
(0 0.045 0.8833333333)
(1 0.045 0.8833333333)
(0 0.05 0.8833333333)
(1 0.05 0.8833333333)
(0 0.055 0.8833333333)
(1 0.055 0.8833333333)
(0 0.06 0.8833333333)
(1 0.06 0.8833333333)
(0 0.065 0.8833333333)
(1 0.065 0.8833333333)
(0 0.07 0.8833333333)
(1 0.07 0.8833333333)
(0 0.075 0.8833333333)
(1 0.075 0.8833333333)
(0 0.08 0.8833333333)
(1 0.08 0.8833333333)
(0 0.085 0.8833333333)
(1 0.085 0.8833333333)
(0 0.09 0.8833333333)
(1 0.09 0.8833333333)
(0 0.095 0.8833333333)
(1 0.095 0.8833333333)
(0 0.1 0.8833333333)
(1 0.1 0.8833333333)
(0 0.105 0.8833333333)
(1 0.105 0.8833333333)
(0 0.11 0.8833333333)
(1 0.11 0.8833333333)
(0 0.115 0.8833333333)
(1 0.115 0.8833333333)
(0 0.12 0.8833333333)
(1 0.12 0.8833333333)
(0 0.125 0.8833333333)
(1 0.125 0.8833333333)
(0 0.13 0.8833333333)
(1 0.13 0.8833333333)
(0 0.135 0.8833333333)
(1 0.135 0.8833333333)
(0 0.14 0.8833333333)
(1 0.14 0.8833333333)
(0 0.145 0.8833333333)
(1 0.145 0.8833333333)
(0 0.15 0.8833333333)
(1 0.15 0.8833333333)
(0 0.155 0.8833333333)
(1 0.155 0.8833333333)
(0 0.16 0.8833333333)
(1 0.16 0.8833333333)
(0 0.165 0.8833333333)
(1 0.165 0.8833333333)
(0 0.17 0.8833333333)
(1 0.17 0.8833333333)
(0 0.175 0.8833333333)
(1 0.175 0.8833333333)
(0 0.18 0.8833333333)
(1 0.18 0.8833333333)
(0 0.185 0.8833333333)
(1 0.185 0.8833333333)
(0 0.19 0.8833333333)
(1 0.19 0.8833333333)
(0 0.195 0.8833333333)
(1 0.195 0.8833333333)
(0 0.2 0.8833333333)
(1 0.2 0.8833333333)
(0 0.205 0.8833333333)
(1 0.205 0.8833333333)
(0 0.21 0.8833333333)
(1 0.21 0.8833333333)
(0 0.215 0.8833333333)
(1 0.215 0.8833333333)
(0 0.22 0.8833333333)
(1 0.22 0.8833333333)
(0 0.225 0.8833333333)
(1 0.225 0.8833333333)
(0 0.23 0.8833333333)
(1 0.23 0.8833333333)
(0 0.235 0.8833333333)
(1 0.235 0.8833333333)
(0 0.24 0.8833333333)
(1 0.24 0.8833333333)
(0 0.245 0.8833333333)
(1 0.245 0.8833333333)
(0 0.25 0.8833333333)
(1 0.25 0.8833333333)
(0 0.255 0.8833333333)
(1 0.255 0.8833333333)
(0 0.26 0.8833333333)
(1 0.26 0.8833333333)
(0 0.265 0.8833333333)
(1 0.265 0.8833333333)
(0 0.27 0.8833333333)
(1 0.27 0.8833333333)
(0 0.275 0.8833333333)
(1 0.275 0.8833333333)
(0 0.28 0.8833333333)
(1 0.28 0.8833333333)
(0 0.285 0.8833333333)
(1 0.285 0.8833333333)
(0 0.29 0.8833333333)
(1 0.29 0.8833333333)
(0 0.295 0.8833333333)
(1 0.295 0.8833333333)
(0 0.3 0.8833333333)
(1 0.3 0.8833333333)
(0 0.305 0.8833333333)
(1 0.305 0.8833333333)
(0 0.31 0.8833333333)
(1 0.31 0.8833333333)
(0 0.315 0.8833333333)
(1 0.315 0.8833333333)
(0 0.32 0.8833333333)
(1 0.32 0.8833333333)
(0 0.325 0.8833333333)
(1 0.325 0.8833333333)
(0 0.33 0.8833333333)
(1 0.33 0.8833333333)
(0 0.335 0.8833333333)
(1 0.335 0.8833333333)
(0 0.34 0.8833333333)
(1 0.34 0.8833333333)
(0 0.345 0.8833333333)
(1 0.345 0.8833333333)
(0 0.35 0.8833333333)
(1 0.35 0.8833333333)
(0 0.355 0.8833333333)
(1 0.355 0.8833333333)
(0 0.36 0.8833333333)
(1 0.36 0.8833333333)
(0 0 0.9)
(1 0 0.9)
(0 0.005 0.9)
(1 0.005 0.9)
(0 0.01 0.9)
(1 0.01 0.9)
(0 0.015 0.9)
(1 0.015 0.9)
(0 0.02 0.9)
(1 0.02 0.9)
(0 0.025 0.9)
(1 0.025 0.9)
(0 0.03 0.9)
(1 0.03 0.9)
(0 0.035 0.9)
(1 0.035 0.9)
(0 0.04 0.9)
(1 0.04 0.9)
(0 0.045 0.9)
(1 0.045 0.9)
(0 0.05 0.9)
(1 0.05 0.9)
(0 0.055 0.9)
(1 0.055 0.9)
(0 0.06 0.9)
(1 0.06 0.9)
(0 0.065 0.9)
(1 0.065 0.9)
(0 0.07 0.9)
(1 0.07 0.9)
(0 0.075 0.9)
(1 0.075 0.9)
(0 0.08 0.9)
(1 0.08 0.9)
(0 0.085 0.9)
(1 0.085 0.9)
(0 0.09 0.9)
(1 0.09 0.9)
(0 0.095 0.9)
(1 0.095 0.9)
(0 0.1 0.9)
(1 0.1 0.9)
(0 0.105 0.9)
(1 0.105 0.9)
(0 0.11 0.9)
(1 0.11 0.9)
(0 0.115 0.9)
(1 0.115 0.9)
(0 0.12 0.9)
(1 0.12 0.9)
(0 0.125 0.9)
(1 0.125 0.9)
(0 0.13 0.9)
(1 0.13 0.9)
(0 0.135 0.9)
(1 0.135 0.9)
(0 0.14 0.9)
(1 0.14 0.9)
(0 0.145 0.9)
(1 0.145 0.9)
(0 0.15 0.9)
(1 0.15 0.9)
(0 0.155 0.9)
(1 0.155 0.9)
(0 0.16 0.9)
(1 0.16 0.9)
(0 0.165 0.9)
(1 0.165 0.9)
(0 0.17 0.9)
(1 0.17 0.9)
(0 0.175 0.9)
(1 0.175 0.9)
(0 0.18 0.9)
(1 0.18 0.9)
(0 0.185 0.9)
(1 0.185 0.9)
(0 0.19 0.9)
(1 0.19 0.9)
(0 0.195 0.9)
(1 0.195 0.9)
(0 0.2 0.9)
(1 0.2 0.9)
(0 0.205 0.9)
(1 0.205 0.9)
(0 0.21 0.9)
(1 0.21 0.9)
(0 0.215 0.9)
(1 0.215 0.9)
(0 0.22 0.9)
(1 0.22 0.9)
(0 0.225 0.9)
(1 0.225 0.9)
(0 0.23 0.9)
(1 0.23 0.9)
(0 0.235 0.9)
(1 0.235 0.9)
(0 0.24 0.9)
(1 0.24 0.9)
(0 0.245 0.9)
(1 0.245 0.9)
(0 0.25 0.9)
(1 0.25 0.9)
(0 0.255 0.9)
(1 0.255 0.9)
(0 0.26 0.9)
(1 0.26 0.9)
(0 0.265 0.9)
(1 0.265 0.9)
(0 0.27 0.9)
(1 0.27 0.9)
(0 0.275 0.9)
(1 0.275 0.9)
(0 0.28 0.9)
(1 0.28 0.9)
(0 0.285 0.9)
(1 0.285 0.9)
(0 0.29 0.9)
(1 0.29 0.9)
(0 0.295 0.9)
(1 0.295 0.9)
(0 0.3 0.9)
(1 0.3 0.9)
(0 0.305 0.9)
(1 0.305 0.9)
(0 0.31 0.9)
(1 0.31 0.9)
(0 0.315 0.9)
(1 0.315 0.9)
(0 0.32 0.9)
(1 0.32 0.9)
(0 0.325 0.9)
(1 0.325 0.9)
(0 0.33 0.9)
(1 0.33 0.9)
(0 0.335 0.9)
(1 0.335 0.9)
(0 0.34 0.9)
(1 0.34 0.9)
(0 0.345 0.9)
(1 0.345 0.9)
(0 0.35 0.9)
(1 0.35 0.9)
(0 0.355 0.9)
(1 0.355 0.9)
(0 0.36 0.9)
(1 0.36 0.9)
(0 0 0.9166666667)
(1 0 0.9166666667)
(0 0.005 0.9166666667)
(1 0.005 0.9166666667)
(0 0.01 0.9166666667)
(1 0.01 0.9166666667)
(0 0.015 0.9166666667)
(1 0.015 0.9166666667)
(0 0.02 0.9166666667)
(1 0.02 0.9166666667)
(0 0.025 0.9166666667)
(1 0.025 0.9166666667)
(0 0.03 0.9166666667)
(1 0.03 0.9166666667)
(0 0.035 0.9166666667)
(1 0.035 0.9166666667)
(0 0.04 0.9166666667)
(1 0.04 0.9166666667)
(0 0.045 0.9166666667)
(1 0.045 0.9166666667)
(0 0.05 0.9166666667)
(1 0.05 0.9166666667)
(0 0.055 0.9166666667)
(1 0.055 0.9166666667)
(0 0.06 0.9166666667)
(1 0.06 0.9166666667)
(0 0.065 0.9166666667)
(1 0.065 0.9166666667)
(0 0.07 0.9166666667)
(1 0.07 0.9166666667)
(0 0.075 0.9166666667)
(1 0.075 0.9166666667)
(0 0.08 0.9166666667)
(1 0.08 0.9166666667)
(0 0.085 0.9166666667)
(1 0.085 0.9166666667)
(0 0.09 0.9166666667)
(1 0.09 0.9166666667)
(0 0.095 0.9166666667)
(1 0.095 0.9166666667)
(0 0.1 0.9166666667)
(1 0.1 0.9166666667)
(0 0.105 0.9166666667)
(1 0.105 0.9166666667)
(0 0.11 0.9166666667)
(1 0.11 0.9166666667)
(0 0.115 0.9166666667)
(1 0.115 0.9166666667)
(0 0.12 0.9166666667)
(1 0.12 0.9166666667)
(0 0.125 0.9166666667)
(1 0.125 0.9166666667)
(0 0.13 0.9166666667)
(1 0.13 0.9166666667)
(0 0.135 0.9166666667)
(1 0.135 0.9166666667)
(0 0.14 0.9166666667)
(1 0.14 0.9166666667)
(0 0.145 0.9166666667)
(1 0.145 0.9166666667)
(0 0.15 0.9166666667)
(1 0.15 0.9166666667)
(0 0.155 0.9166666667)
(1 0.155 0.9166666667)
(0 0.16 0.9166666667)
(1 0.16 0.9166666667)
(0 0.165 0.9166666667)
(1 0.165 0.9166666667)
(0 0.17 0.9166666667)
(1 0.17 0.9166666667)
(0 0.175 0.9166666667)
(1 0.175 0.9166666667)
(0 0.18 0.9166666667)
(1 0.18 0.9166666667)
(0 0.185 0.9166666667)
(1 0.185 0.9166666667)
(0 0.19 0.9166666667)
(1 0.19 0.9166666667)
(0 0.195 0.9166666667)
(1 0.195 0.9166666667)
(0 0.2 0.9166666667)
(1 0.2 0.9166666667)
(0 0.205 0.9166666667)
(1 0.205 0.9166666667)
(0 0.21 0.9166666667)
(1 0.21 0.9166666667)
(0 0.215 0.9166666667)
(1 0.215 0.9166666667)
(0 0.22 0.9166666667)
(1 0.22 0.9166666667)
(0 0.225 0.9166666667)
(1 0.225 0.9166666667)
(0 0.23 0.9166666667)
(1 0.23 0.9166666667)
(0 0.235 0.9166666667)
(1 0.235 0.9166666667)
(0 0.24 0.9166666667)
(1 0.24 0.9166666667)
(0 0.245 0.9166666667)
(1 0.245 0.9166666667)
(0 0.25 0.9166666667)
(1 0.25 0.9166666667)
(0 0.255 0.9166666667)
(1 0.255 0.9166666667)
(0 0.26 0.9166666667)
(1 0.26 0.9166666667)
(0 0.265 0.9166666667)
(1 0.265 0.9166666667)
(0 0.27 0.9166666667)
(1 0.27 0.9166666667)
(0 0.275 0.9166666667)
(1 0.275 0.9166666667)
(0 0.28 0.9166666667)
(1 0.28 0.9166666667)
(0 0.285 0.9166666667)
(1 0.285 0.9166666667)
(0 0.29 0.9166666667)
(1 0.29 0.9166666667)
(0 0.295 0.9166666667)
(1 0.295 0.9166666667)
(0 0.3 0.9166666667)
(1 0.3 0.9166666667)
(0 0.305 0.9166666667)
(1 0.305 0.9166666667)
(0 0.31 0.9166666667)
(1 0.31 0.9166666667)
(0 0.315 0.9166666667)
(1 0.315 0.9166666667)
(0 0.32 0.9166666667)
(1 0.32 0.9166666667)
(0 0.325 0.9166666667)
(1 0.325 0.9166666667)
(0 0.33 0.9166666667)
(1 0.33 0.9166666667)
(0 0.335 0.9166666667)
(1 0.335 0.9166666667)
(0 0.34 0.9166666667)
(1 0.34 0.9166666667)
(0 0.345 0.9166666667)
(1 0.345 0.9166666667)
(0 0.35 0.9166666667)
(1 0.35 0.9166666667)
(0 0.355 0.9166666667)
(1 0.355 0.9166666667)
(0 0.36 0.9166666667)
(1 0.36 0.9166666667)
(0 0 0.9333333333)
(1 0 0.9333333333)
(0 0.005 0.9333333333)
(1 0.005 0.9333333333)
(0 0.01 0.9333333333)
(1 0.01 0.9333333333)
(0 0.015 0.9333333333)
(1 0.015 0.9333333333)
(0 0.02 0.9333333333)
(1 0.02 0.9333333333)
(0 0.025 0.9333333333)
(1 0.025 0.9333333333)
(0 0.03 0.9333333333)
(1 0.03 0.9333333333)
(0 0.035 0.9333333333)
(1 0.035 0.9333333333)
(0 0.04 0.9333333333)
(1 0.04 0.9333333333)
(0 0.045 0.9333333333)
(1 0.045 0.9333333333)
(0 0.05 0.9333333333)
(1 0.05 0.9333333333)
(0 0.055 0.9333333333)
(1 0.055 0.9333333333)
(0 0.06 0.9333333333)
(1 0.06 0.9333333333)
(0 0.065 0.9333333333)
(1 0.065 0.9333333333)
(0 0.07 0.9333333333)
(1 0.07 0.9333333333)
(0 0.075 0.9333333333)
(1 0.075 0.9333333333)
(0 0.08 0.9333333333)
(1 0.08 0.9333333333)
(0 0.085 0.9333333333)
(1 0.085 0.9333333333)
(0 0.09 0.9333333333)
(1 0.09 0.9333333333)
(0 0.095 0.9333333333)
(1 0.095 0.9333333333)
(0 0.1 0.9333333333)
(1 0.1 0.9333333333)
(0 0.105 0.9333333333)
(1 0.105 0.9333333333)
(0 0.11 0.9333333333)
(1 0.11 0.9333333333)
(0 0.115 0.9333333333)
(1 0.115 0.9333333333)
(0 0.12 0.9333333333)
(1 0.12 0.9333333333)
(0 0.125 0.9333333333)
(1 0.125 0.9333333333)
(0 0.13 0.9333333333)
(1 0.13 0.9333333333)
(0 0.135 0.9333333333)
(1 0.135 0.9333333333)
(0 0.14 0.9333333333)
(1 0.14 0.9333333333)
(0 0.145 0.9333333333)
(1 0.145 0.9333333333)
(0 0.15 0.9333333333)
(1 0.15 0.9333333333)
(0 0.155 0.9333333333)
(1 0.155 0.9333333333)
(0 0.16 0.9333333333)
(1 0.16 0.9333333333)
(0 0.165 0.9333333333)
(1 0.165 0.9333333333)
(0 0.17 0.9333333333)
(1 0.17 0.9333333333)
(0 0.175 0.9333333333)
(1 0.175 0.9333333333)
(0 0.18 0.9333333333)
(1 0.18 0.9333333333)
(0 0.185 0.9333333333)
(1 0.185 0.9333333333)
(0 0.19 0.9333333333)
(1 0.19 0.9333333333)
(0 0.195 0.9333333333)
(1 0.195 0.9333333333)
(0 0.2 0.9333333333)
(1 0.2 0.9333333333)
(0 0.205 0.9333333333)
(1 0.205 0.9333333333)
(0 0.21 0.9333333333)
(1 0.21 0.9333333333)
(0 0.215 0.9333333333)
(1 0.215 0.9333333333)
(0 0.22 0.9333333333)
(1 0.22 0.9333333333)
(0 0.225 0.9333333333)
(1 0.225 0.9333333333)
(0 0.23 0.9333333333)
(1 0.23 0.9333333333)
(0 0.235 0.9333333333)
(1 0.235 0.9333333333)
(0 0.24 0.9333333333)
(1 0.24 0.9333333333)
(0 0.245 0.9333333333)
(1 0.245 0.9333333333)
(0 0.25 0.9333333333)
(1 0.25 0.9333333333)
(0 0.255 0.9333333333)
(1 0.255 0.9333333333)
(0 0.26 0.9333333333)
(1 0.26 0.9333333333)
(0 0.265 0.9333333333)
(1 0.265 0.9333333333)
(0 0.27 0.9333333333)
(1 0.27 0.9333333333)
(0 0.275 0.9333333333)
(1 0.275 0.9333333333)
(0 0.28 0.9333333333)
(1 0.28 0.9333333333)
(0 0.285 0.9333333333)
(1 0.285 0.9333333333)
(0 0.29 0.9333333333)
(1 0.29 0.9333333333)
(0 0.295 0.9333333333)
(1 0.295 0.9333333333)
(0 0.3 0.9333333333)
(1 0.3 0.9333333333)
(0 0.305 0.9333333333)
(1 0.305 0.9333333333)
(0 0.31 0.9333333333)
(1 0.31 0.9333333333)
(0 0.315 0.9333333333)
(1 0.315 0.9333333333)
(0 0.32 0.9333333333)
(1 0.32 0.9333333333)
(0 0.325 0.9333333333)
(1 0.325 0.9333333333)
(0 0.33 0.9333333333)
(1 0.33 0.9333333333)
(0 0.335 0.9333333333)
(1 0.335 0.9333333333)
(0 0.34 0.9333333333)
(1 0.34 0.9333333333)
(0 0.345 0.9333333333)
(1 0.345 0.9333333333)
(0 0.35 0.9333333333)
(1 0.35 0.9333333333)
(0 0.355 0.9333333333)
(1 0.355 0.9333333333)
(0 0.36 0.9333333333)
(1 0.36 0.9333333333)
(0 0 0.95)
(1 0 0.95)
(0 0.005 0.95)
(1 0.005 0.95)
(0 0.01 0.95)
(1 0.01 0.95)
(0 0.015 0.95)
(1 0.015 0.95)
(0 0.02 0.95)
(1 0.02 0.95)
(0 0.025 0.95)
(1 0.025 0.95)
(0 0.03 0.95)
(1 0.03 0.95)
(0 0.035 0.95)
(1 0.035 0.95)
(0 0.04 0.95)
(1 0.04 0.95)
(0 0.045 0.95)
(1 0.045 0.95)
(0 0.05 0.95)
(1 0.05 0.95)
(0 0.055 0.95)
(1 0.055 0.95)
(0 0.06 0.95)
(1 0.06 0.95)
(0 0.065 0.95)
(1 0.065 0.95)
(0 0.07 0.95)
(1 0.07 0.95)
(0 0.075 0.95)
(1 0.075 0.95)
(0 0.08 0.95)
(1 0.08 0.95)
(0 0.085 0.95)
(1 0.085 0.95)
(0 0.09 0.95)
(1 0.09 0.95)
(0 0.095 0.95)
(1 0.095 0.95)
(0 0.1 0.95)
(1 0.1 0.95)
(0 0.105 0.95)
(1 0.105 0.95)
(0 0.11 0.95)
(1 0.11 0.95)
(0 0.115 0.95)
(1 0.115 0.95)
(0 0.12 0.95)
(1 0.12 0.95)
(0 0.125 0.95)
(1 0.125 0.95)
(0 0.13 0.95)
(1 0.13 0.95)
(0 0.135 0.95)
(1 0.135 0.95)
(0 0.14 0.95)
(1 0.14 0.95)
(0 0.145 0.95)
(1 0.145 0.95)
(0 0.15 0.95)
(1 0.15 0.95)
(0 0.155 0.95)
(1 0.155 0.95)
(0 0.16 0.95)
(1 0.16 0.95)
(0 0.165 0.95)
(1 0.165 0.95)
(0 0.17 0.95)
(1 0.17 0.95)
(0 0.175 0.95)
(1 0.175 0.95)
(0 0.18 0.95)
(1 0.18 0.95)
(0 0.185 0.95)
(1 0.185 0.95)
(0 0.19 0.95)
(1 0.19 0.95)
(0 0.195 0.95)
(1 0.195 0.95)
(0 0.2 0.95)
(1 0.2 0.95)
(0 0.205 0.95)
(1 0.205 0.95)
(0 0.21 0.95)
(1 0.21 0.95)
(0 0.215 0.95)
(1 0.215 0.95)
(0 0.22 0.95)
(1 0.22 0.95)
(0 0.225 0.95)
(1 0.225 0.95)
(0 0.23 0.95)
(1 0.23 0.95)
(0 0.235 0.95)
(1 0.235 0.95)
(0 0.24 0.95)
(1 0.24 0.95)
(0 0.245 0.95)
(1 0.245 0.95)
(0 0.25 0.95)
(1 0.25 0.95)
(0 0.255 0.95)
(1 0.255 0.95)
(0 0.26 0.95)
(1 0.26 0.95)
(0 0.265 0.95)
(1 0.265 0.95)
(0 0.27 0.95)
(1 0.27 0.95)
(0 0.275 0.95)
(1 0.275 0.95)
(0 0.28 0.95)
(1 0.28 0.95)
(0 0.285 0.95)
(1 0.285 0.95)
(0 0.29 0.95)
(1 0.29 0.95)
(0 0.295 0.95)
(1 0.295 0.95)
(0 0.3 0.95)
(1 0.3 0.95)
(0 0.305 0.95)
(1 0.305 0.95)
(0 0.31 0.95)
(1 0.31 0.95)
(0 0.315 0.95)
(1 0.315 0.95)
(0 0.32 0.95)
(1 0.32 0.95)
(0 0.325 0.95)
(1 0.325 0.95)
(0 0.33 0.95)
(1 0.33 0.95)
(0 0.335 0.95)
(1 0.335 0.95)
(0 0.34 0.95)
(1 0.34 0.95)
(0 0.345 0.95)
(1 0.345 0.95)
(0 0.35 0.95)
(1 0.35 0.95)
(0 0.355 0.95)
(1 0.355 0.95)
(0 0.36 0.95)
(1 0.36 0.95)
(0 0 0.9666666667)
(1 0 0.9666666667)
(0 0.005 0.9666666667)
(1 0.005 0.9666666667)
(0 0.01 0.9666666667)
(1 0.01 0.9666666667)
(0 0.015 0.9666666667)
(1 0.015 0.9666666667)
(0 0.02 0.9666666667)
(1 0.02 0.9666666667)
(0 0.025 0.9666666667)
(1 0.025 0.9666666667)
(0 0.03 0.9666666667)
(1 0.03 0.9666666667)
(0 0.035 0.9666666667)
(1 0.035 0.9666666667)
(0 0.04 0.9666666667)
(1 0.04 0.9666666667)
(0 0.045 0.9666666667)
(1 0.045 0.9666666667)
(0 0.05 0.9666666667)
(1 0.05 0.9666666667)
(0 0.055 0.9666666667)
(1 0.055 0.9666666667)
(0 0.06 0.9666666667)
(1 0.06 0.9666666667)
(0 0.065 0.9666666667)
(1 0.065 0.9666666667)
(0 0.07 0.9666666667)
(1 0.07 0.9666666667)
(0 0.075 0.9666666667)
(1 0.075 0.9666666667)
(0 0.08 0.9666666667)
(1 0.08 0.9666666667)
(0 0.085 0.9666666667)
(1 0.085 0.9666666667)
(0 0.09 0.9666666667)
(1 0.09 0.9666666667)
(0 0.095 0.9666666667)
(1 0.095 0.9666666667)
(0 0.1 0.9666666667)
(1 0.1 0.9666666667)
(0 0.105 0.9666666667)
(1 0.105 0.9666666667)
(0 0.11 0.9666666667)
(1 0.11 0.9666666667)
(0 0.115 0.9666666667)
(1 0.115 0.9666666667)
(0 0.12 0.9666666667)
(1 0.12 0.9666666667)
(0 0.125 0.9666666667)
(1 0.125 0.9666666667)
(0 0.13 0.9666666667)
(1 0.13 0.9666666667)
(0 0.135 0.9666666667)
(1 0.135 0.9666666667)
(0 0.14 0.9666666667)
(1 0.14 0.9666666667)
(0 0.145 0.9666666667)
(1 0.145 0.9666666667)
(0 0.15 0.9666666667)
(1 0.15 0.9666666667)
(0 0.155 0.9666666667)
(1 0.155 0.9666666667)
(0 0.16 0.9666666667)
(1 0.16 0.9666666667)
(0 0.165 0.9666666667)
(1 0.165 0.9666666667)
(0 0.17 0.9666666667)
(1 0.17 0.9666666667)
(0 0.175 0.9666666667)
(1 0.175 0.9666666667)
(0 0.18 0.9666666667)
(1 0.18 0.9666666667)
(0 0.185 0.9666666667)
(1 0.185 0.9666666667)
(0 0.19 0.9666666667)
(1 0.19 0.9666666667)
(0 0.195 0.9666666667)
(1 0.195 0.9666666667)
(0 0.2 0.9666666667)
(1 0.2 0.9666666667)
(0 0.205 0.9666666667)
(1 0.205 0.9666666667)
(0 0.21 0.9666666667)
(1 0.21 0.9666666667)
(0 0.215 0.9666666667)
(1 0.215 0.9666666667)
(0 0.22 0.9666666667)
(1 0.22 0.9666666667)
(0 0.225 0.9666666667)
(1 0.225 0.9666666667)
(0 0.23 0.9666666667)
(1 0.23 0.9666666667)
(0 0.235 0.9666666667)
(1 0.235 0.9666666667)
(0 0.24 0.9666666667)
(1 0.24 0.9666666667)
(0 0.245 0.9666666667)
(1 0.245 0.9666666667)
(0 0.25 0.9666666667)
(1 0.25 0.9666666667)
(0 0.255 0.9666666667)
(1 0.255 0.9666666667)
(0 0.26 0.9666666667)
(1 0.26 0.9666666667)
(0 0.265 0.9666666667)
(1 0.265 0.9666666667)
(0 0.27 0.9666666667)
(1 0.27 0.9666666667)
(0 0.275 0.9666666667)
(1 0.275 0.9666666667)
(0 0.28 0.9666666667)
(1 0.28 0.9666666667)
(0 0.285 0.9666666667)
(1 0.285 0.9666666667)
(0 0.29 0.9666666667)
(1 0.29 0.9666666667)
(0 0.295 0.9666666667)
(1 0.295 0.9666666667)
(0 0.3 0.9666666667)
(1 0.3 0.9666666667)
(0 0.305 0.9666666667)
(1 0.305 0.9666666667)
(0 0.31 0.9666666667)
(1 0.31 0.9666666667)
(0 0.315 0.9666666667)
(1 0.315 0.9666666667)
(0 0.32 0.9666666667)
(1 0.32 0.9666666667)
(0 0.325 0.9666666667)
(1 0.325 0.9666666667)
(0 0.33 0.9666666667)
(1 0.33 0.9666666667)
(0 0.335 0.9666666667)
(1 0.335 0.9666666667)
(0 0.34 0.9666666667)
(1 0.34 0.9666666667)
(0 0.345 0.9666666667)
(1 0.345 0.9666666667)
(0 0.35 0.9666666667)
(1 0.35 0.9666666667)
(0 0.355 0.9666666667)
(1 0.355 0.9666666667)
(0 0.36 0.9666666667)
(1 0.36 0.9666666667)
(0 0 0.9833333333)
(1 0 0.9833333333)
(0 0.005 0.9833333333)
(1 0.005 0.9833333333)
(0 0.01 0.9833333333)
(1 0.01 0.9833333333)
(0 0.015 0.9833333333)
(1 0.015 0.9833333333)
(0 0.02 0.9833333333)
(1 0.02 0.9833333333)
(0 0.025 0.9833333333)
(1 0.025 0.9833333333)
(0 0.03 0.9833333333)
(1 0.03 0.9833333333)
(0 0.035 0.9833333333)
(1 0.035 0.9833333333)
(0 0.04 0.9833333333)
(1 0.04 0.9833333333)
(0 0.045 0.9833333333)
(1 0.045 0.9833333333)
(0 0.05 0.9833333333)
(1 0.05 0.9833333333)
(0 0.055 0.9833333333)
(1 0.055 0.9833333333)
(0 0.06 0.9833333333)
(1 0.06 0.9833333333)
(0 0.065 0.9833333333)
(1 0.065 0.9833333333)
(0 0.07 0.9833333333)
(1 0.07 0.9833333333)
(0 0.075 0.9833333333)
(1 0.075 0.9833333333)
(0 0.08 0.9833333333)
(1 0.08 0.9833333333)
(0 0.085 0.9833333333)
(1 0.085 0.9833333333)
(0 0.09 0.9833333333)
(1 0.09 0.9833333333)
(0 0.095 0.9833333333)
(1 0.095 0.9833333333)
(0 0.1 0.9833333333)
(1 0.1 0.9833333333)
(0 0.105 0.9833333333)
(1 0.105 0.9833333333)
(0 0.11 0.9833333333)
(1 0.11 0.9833333333)
(0 0.115 0.9833333333)
(1 0.115 0.9833333333)
(0 0.12 0.9833333333)
(1 0.12 0.9833333333)
(0 0.125 0.9833333333)
(1 0.125 0.9833333333)
(0 0.13 0.9833333333)
(1 0.13 0.9833333333)
(0 0.135 0.9833333333)
(1 0.135 0.9833333333)
(0 0.14 0.9833333333)
(1 0.14 0.9833333333)
(0 0.145 0.9833333333)
(1 0.145 0.9833333333)
(0 0.15 0.9833333333)
(1 0.15 0.9833333333)
(0 0.155 0.9833333333)
(1 0.155 0.9833333333)
(0 0.16 0.9833333333)
(1 0.16 0.9833333333)
(0 0.165 0.9833333333)
(1 0.165 0.9833333333)
(0 0.17 0.9833333333)
(1 0.17 0.9833333333)
(0 0.175 0.9833333333)
(1 0.175 0.9833333333)
(0 0.18 0.9833333333)
(1 0.18 0.9833333333)
(0 0.185 0.9833333333)
(1 0.185 0.9833333333)
(0 0.19 0.9833333333)
(1 0.19 0.9833333333)
(0 0.195 0.9833333333)
(1 0.195 0.9833333333)
(0 0.2 0.9833333333)
(1 0.2 0.9833333333)
(0 0.205 0.9833333333)
(1 0.205 0.9833333333)
(0 0.21 0.9833333333)
(1 0.21 0.9833333333)
(0 0.215 0.9833333333)
(1 0.215 0.9833333333)
(0 0.22 0.9833333333)
(1 0.22 0.9833333333)
(0 0.225 0.9833333333)
(1 0.225 0.9833333333)
(0 0.23 0.9833333333)
(1 0.23 0.9833333333)
(0 0.235 0.9833333333)
(1 0.235 0.9833333333)
(0 0.24 0.9833333333)
(1 0.24 0.9833333333)
(0 0.245 0.9833333333)
(1 0.245 0.9833333333)
(0 0.25 0.9833333333)
(1 0.25 0.9833333333)
(0 0.255 0.9833333333)
(1 0.255 0.9833333333)
(0 0.26 0.9833333333)
(1 0.26 0.9833333333)
(0 0.265 0.9833333333)
(1 0.265 0.9833333333)
(0 0.27 0.9833333333)
(1 0.27 0.9833333333)
(0 0.275 0.9833333333)
(1 0.275 0.9833333333)
(0 0.28 0.9833333333)
(1 0.28 0.9833333333)
(0 0.285 0.9833333333)
(1 0.285 0.9833333333)
(0 0.29 0.9833333333)
(1 0.29 0.9833333333)
(0 0.295 0.9833333333)
(1 0.295 0.9833333333)
(0 0.3 0.9833333333)
(1 0.3 0.9833333333)
(0 0.305 0.9833333333)
(1 0.305 0.9833333333)
(0 0.31 0.9833333333)
(1 0.31 0.9833333333)
(0 0.315 0.9833333333)
(1 0.315 0.9833333333)
(0 0.32 0.9833333333)
(1 0.32 0.9833333333)
(0 0.325 0.9833333333)
(1 0.325 0.9833333333)
(0 0.33 0.9833333333)
(1 0.33 0.9833333333)
(0 0.335 0.9833333333)
(1 0.335 0.9833333333)
(0 0.34 0.9833333333)
(1 0.34 0.9833333333)
(0 0.345 0.9833333333)
(1 0.345 0.9833333333)
(0 0.35 0.9833333333)
(1 0.35 0.9833333333)
(0 0.355 0.9833333333)
(1 0.355 0.9833333333)
(0 0.36 0.9833333333)
(1 0.36 0.9833333333)
(0 0 1)
(1 0 1)
(0 0.005 1)
(1 0.005 1)
(0 0.01 1)
(1 0.01 1)
(0 0.015 1)
(1 0.015 1)
(0 0.02 1)
(1 0.02 1)
(0 0.025 1)
(1 0.025 1)
(0 0.03 1)
(1 0.03 1)
(0 0.035 1)
(1 0.035 1)
(0 0.04 1)
(1 0.04 1)
(0 0.045 1)
(1 0.045 1)
(0 0.05 1)
(1 0.05 1)
(0 0.055 1)
(1 0.055 1)
(0 0.06 1)
(1 0.06 1)
(0 0.065 1)
(1 0.065 1)
(0 0.07 1)
(1 0.07 1)
(0 0.075 1)
(1 0.075 1)
(0 0.08 1)
(1 0.08 1)
(0 0.085 1)
(1 0.085 1)
(0 0.09 1)
(1 0.09 1)
(0 0.095 1)
(1 0.095 1)
(0 0.1 1)
(1 0.1 1)
(0 0.105 1)
(1 0.105 1)
(0 0.11 1)
(1 0.11 1)
(0 0.115 1)
(1 0.115 1)
(0 0.12 1)
(1 0.12 1)
(0 0.125 1)
(1 0.125 1)
(0 0.13 1)
(1 0.13 1)
(0 0.135 1)
(1 0.135 1)
(0 0.14 1)
(1 0.14 1)
(0 0.145 1)
(1 0.145 1)
(0 0.15 1)
(1 0.15 1)
(0 0.155 1)
(1 0.155 1)
(0 0.16 1)
(1 0.16 1)
(0 0.165 1)
(1 0.165 1)
(0 0.17 1)
(1 0.17 1)
(0 0.175 1)
(1 0.175 1)
(0 0.18 1)
(1 0.18 1)
(0 0.185 1)
(1 0.185 1)
(0 0.19 1)
(1 0.19 1)
(0 0.195 1)
(1 0.195 1)
(0 0.2 1)
(1 0.2 1)
(0 0.205 1)
(1 0.205 1)
(0 0.21 1)
(1 0.21 1)
(0 0.215 1)
(1 0.215 1)
(0 0.22 1)
(1 0.22 1)
(0 0.225 1)
(1 0.225 1)
(0 0.23 1)
(1 0.23 1)
(0 0.235 1)
(1 0.235 1)
(0 0.24 1)
(1 0.24 1)
(0 0.245 1)
(1 0.245 1)
(0 0.25 1)
(1 0.25 1)
(0 0.255 1)
(1 0.255 1)
(0 0.26 1)
(1 0.26 1)
(0 0.265 1)
(1 0.265 1)
(0 0.27 1)
(1 0.27 1)
(0 0.275 1)
(1 0.275 1)
(0 0.28 1)
(1 0.28 1)
(0 0.285 1)
(1 0.285 1)
(0 0.29 1)
(1 0.29 1)
(0 0.295 1)
(1 0.295 1)
(0 0.3 1)
(1 0.3 1)
(0 0.305 1)
(1 0.305 1)
(0 0.31 1)
(1 0.31 1)
(0 0.315 1)
(1 0.315 1)
(0 0.32 1)
(1 0.32 1)
(0 0.325 1)
(1 0.325 1)
(0 0.33 1)
(1 0.33 1)
(0 0.335 1)
(1 0.335 1)
(0 0.34 1)
(1 0.34 1)
(0 0.345 1)
(1 0.345 1)
(0 0.35 1)
(1 0.35 1)
(0 0.355 1)
(1 0.355 1)
(0 0.36 1)
(1 0.36 1)
)


// ************************************************************************* //
