/*--------------------------------*- C++ -*----------------------------------*\
| =========                 |                                                 |
| \\      /  F ield         | OpenFOAM: The Open Source CFD Toolbox           |
|  \\    /   O peration     | Version:  2406                                  |
|   \\  /    A nd           | Website:  www.openfoam.com                      |
|    \\/     M anipulation  |                                                 |
\*---------------------------------------------------------------------------*/
FoamFile
{
    version     2.0;
    format      ascii;
    arch        "LSB;label=32;scalar=64";
    class       vectorField;
    location    "constant/polyMesh";
    object      points;
}
// * * * * * * * * * * * * * * * * * * * * * * * * * * * * * * * * * * * * * //


4526
(
(0 0 0)
(1 0 0)
(0 0.005 0)
(1 0.005 0)
(0 0.01 0)
(1 0.01 0)
(0 0.015 0)
(1 0.015 0)
(0 0.02 0)
(1 0.02 0)
(0 0.025 0)
(1 0.025 0)
(0 0.03 0)
(1 0.03 0)
(0 0.035 0)
(1 0.035 0)
(0 0.04 0)
(1 0.04 0)
(0 0.045 0)
(1 0.045 0)
(0 0.05 0)
(1 0.05 0)
(0 0.055 0)
(1 0.055 0)
(0 0.06 0)
(1 0.06 0)
(0 0.065 0)
(1 0.065 0)
(0 0.07 0)
(1 0.07 0)
(0 0.075 0)
(1 0.075 0)
(0 0.08 0)
(1 0.08 0)
(0 0.085 0)
(1 0.085 0)
(0 0.09 0)
(1 0.09 0)
(0 0.095 0)
(1 0.095 0)
(0 0.1 0)
(1 0.1 0)
(0 0.105 0)
(1 0.105 0)
(0 0.11 0)
(1 0.11 0)
(0 0.115 0)
(1 0.115 0)
(0 0.12 0)
(1 0.12 0)
(0 0.125 0)
(1 0.125 0)
(0 0.13 0)
(1 0.13 0)
(0 0.135 0)
(1 0.135 0)
(0 0.14 0)
(1 0.14 0)
(0 0.145 0)
(1 0.145 0)
(0 0.15 0)
(1 0.15 0)
(0 0.155 0)
(1 0.155 0)
(0 0.16 0)
(1 0.16 0)
(0 0.165 0)
(1 0.165 0)
(0 0.17 0)
(1 0.17 0)
(0 0.175 0)
(1 0.175 0)
(0 0.18 0)
(1 0.18 0)
(0 0.185 0)
(1 0.185 0)
(0 0.19 0)
(1 0.19 0)
(0 0.195 0)
(1 0.195 0)
(0 0.2 0)
(1 0.2 0)
(0 0.205 0)
(1 0.205 0)
(0 0.21 0)
(1 0.21 0)
(0 0.215 0)
(1 0.215 0)
(0 0.22 0)
(1 0.22 0)
(0 0.225 0)
(1 0.225 0)
(0 0.23 0)
(1 0.23 0)
(0 0.235 0)
(1 0.235 0)
(0 0.24 0)
(1 0.24 0)
(0 0.245 0)
(1 0.245 0)
(0 0.25 0)
(1 0.25 0)
(0 0.255 0)
(1 0.255 0)
(0 0.26 0)
(1 0.26 0)
(0 0.265 0)
(1 0.265 0)
(0 0.27 0)
(1 0.27 0)
(0 0.275 0)
(1 0.275 0)
(0 0.28 0)
(1 0.28 0)
(0 0.285 0)
(1 0.285 0)
(0 0.29 0)
(1 0.29 0)
(0 0.295 0)
(1 0.295 0)
(0 0.3 0)
(1 0.3 0)
(0 0.305 0)
(1 0.305 0)
(0 0.31 0)
(1 0.31 0)
(0 0.315 0)
(1 0.315 0)
(0 0.32 0)
(1 0.32 0)
(0 0.325 0)
(1 0.325 0)
(0 0.33 0)
(1 0.33 0)
(0 0.335 0)
(1 0.335 0)
(0 0.34 0)
(1 0.34 0)
(0 0.345 0)
(1 0.345 0)
(0 0.35 0)
(1 0.35 0)
(0 0.355 0)
(1 0.355 0)
(0 0.36 0)
(1 0.36 0)
(0 0 0.01666666667)
(1 0 0.01666666667)
(0 0.005 0.01666666667)
(1 0.005 0.01666666667)
(0 0.01 0.01666666667)
(1 0.01 0.01666666667)
(0 0.015 0.01666666667)
(1 0.015 0.01666666667)
(0 0.02 0.01666666667)
(1 0.02 0.01666666667)
(0 0.025 0.01666666667)
(1 0.025 0.01666666667)
(0 0.03 0.01666666667)
(1 0.03 0.01666666667)
(0 0.035 0.01666666667)
(1 0.035 0.01666666667)
(0 0.04 0.01666666667)
(1 0.04 0.01666666667)
(0 0.045 0.01666666667)
(1 0.045 0.01666666667)
(0 0.05 0.01666666667)
(1 0.05 0.01666666667)
(0 0.055 0.01666666667)
(1 0.055 0.01666666667)
(0 0.06 0.01666666667)
(1 0.06 0.01666666667)
(0 0.065 0.01666666667)
(1 0.065 0.01666666667)
(0 0.07 0.01666666667)
(1 0.07 0.01666666667)
(0 0.075 0.01666666667)
(1 0.075 0.01666666667)
(0 0.08 0.01666666667)
(1 0.08 0.01666666667)
(0 0.085 0.01666666667)
(1 0.085 0.01666666667)
(0 0.09 0.01666666667)
(1 0.09 0.01666666667)
(0 0.095 0.01666666667)
(1 0.095 0.01666666667)
(0 0.1 0.01666666667)
(1 0.1 0.01666666667)
(0 0.105 0.01666666667)
(1 0.105 0.01666666667)
(0 0.11 0.01666666667)
(1 0.11 0.01666666667)
(0 0.115 0.01666666667)
(1 0.115 0.01666666667)
(0 0.12 0.01666666667)
(1 0.12 0.01666666667)
(0 0.125 0.01666666667)
(1 0.125 0.01666666667)
(0 0.13 0.01666666667)
(1 0.13 0.01666666667)
(0 0.135 0.01666666667)
(1 0.135 0.01666666667)
(0 0.14 0.01666666667)
(1 0.14 0.01666666667)
(0 0.145 0.01666666667)
(1 0.145 0.01666666667)
(0 0.15 0.01666666667)
(1 0.15 0.01666666667)
(0 0.155 0.01666666667)
(1 0.155 0.01666666667)
(0 0.16 0.01666666667)
(1 0.16 0.01666666667)
(0 0.165 0.01666666667)
(1 0.165 0.01666666667)
(0 0.17 0.01666666667)
(1 0.17 0.01666666667)
(0 0.175 0.01666666667)
(1 0.175 0.01666666667)
(0 0.18 0.01666666667)
(1 0.18 0.01666666667)
(0 0.185 0.01666666667)
(1 0.185 0.01666666667)
(0 0.19 0.01666666667)
(1 0.19 0.01666666667)
(0 0.195 0.01666666667)
(1 0.195 0.01666666667)
(0 0.2 0.01666666667)
(1 0.2 0.01666666667)
(0 0.205 0.01666666667)
(1 0.205 0.01666666667)
(0 0.21 0.01666666667)
(1 0.21 0.01666666667)
(0 0.215 0.01666666667)
(1 0.215 0.01666666667)
(0 0.22 0.01666666667)
(1 0.22 0.01666666667)
(0 0.225 0.01666666667)
(1 0.225 0.01666666667)
(0 0.23 0.01666666667)
(1 0.23 0.01666666667)
(0 0.235 0.01666666667)
(1 0.235 0.01666666667)
(0 0.24 0.01666666667)
(1 0.24 0.01666666667)
(0 0.245 0.01666666667)
(1 0.245 0.01666666667)
(0 0.25 0.01666666667)
(1 0.25 0.01666666667)
(0 0.255 0.01666666667)
(1 0.255 0.01666666667)
(0 0.26 0.01666666667)
(1 0.26 0.01666666667)
(0 0.265 0.01666666667)
(1 0.265 0.01666666667)
(0 0.27 0.01666666667)
(1 0.27 0.01666666667)
(0 0.275 0.01666666667)
(1 0.275 0.01666666667)
(0 0.28 0.01666666667)
(1 0.28 0.01666666667)
(0 0.285 0.01666666667)
(1 0.285 0.01666666667)
(0 0.29 0.01666666667)
(1 0.29 0.01666666667)
(0 0.295 0.01666666667)
(1 0.295 0.01666666667)
(0 0.3 0.01666666667)
(1 0.3 0.01666666667)
(0 0.305 0.01666666667)
(1 0.305 0.01666666667)
(0 0.31 0.01666666667)
(1 0.31 0.01666666667)
(0 0.315 0.01666666667)
(1 0.315 0.01666666667)
(0 0.32 0.01666666667)
(1 0.32 0.01666666667)
(0 0.325 0.01666666667)
(1 0.325 0.01666666667)
(0 0.33 0.01666666667)
(1 0.33 0.01666666667)
(0 0.335 0.01666666667)
(1 0.335 0.01666666667)
(0 0.34 0.01666666667)
(1 0.34 0.01666666667)
(0 0.345 0.01666666667)
(1 0.345 0.01666666667)
(0 0.35 0.01666666667)
(1 0.35 0.01666666667)
(0 0.355 0.01666666667)
(1 0.355 0.01666666667)
(0 0.36 0.01666666667)
(1 0.36 0.01666666667)
(0 0 0.03333333333)
(1 0 0.03333333333)
(0 0.005 0.03333333333)
(1 0.005 0.03333333333)
(0 0.01 0.03333333333)
(1 0.01 0.03333333333)
(0 0.015 0.03333333333)
(1 0.015 0.03333333333)
(0 0.02 0.03333333333)
(1 0.02 0.03333333333)
(0 0.025 0.03333333333)
(1 0.025 0.03333333333)
(0 0.03 0.03333333333)
(1 0.03 0.03333333333)
(0 0.035 0.03333333333)
(1 0.035 0.03333333333)
(0 0.04 0.03333333333)
(1 0.04 0.03333333333)
(0 0.045 0.03333333333)
(1 0.045 0.03333333333)
(0 0.05 0.03333333333)
(1 0.05 0.03333333333)
(0 0.055 0.03333333333)
(1 0.055 0.03333333333)
(0 0.06 0.03333333333)
(1 0.06 0.03333333333)
(0 0.065 0.03333333333)
(1 0.065 0.03333333333)
(0 0.07 0.03333333333)
(1 0.07 0.03333333333)
(0 0.075 0.03333333333)
(1 0.075 0.03333333333)
(0 0.08 0.03333333333)
(1 0.08 0.03333333333)
(0 0.085 0.03333333333)
(1 0.085 0.03333333333)
(0 0.09 0.03333333333)
(1 0.09 0.03333333333)
(0 0.095 0.03333333333)
(1 0.095 0.03333333333)
(0 0.1 0.03333333333)
(1 0.1 0.03333333333)
(0 0.105 0.03333333333)
(1 0.105 0.03333333333)
(0 0.11 0.03333333333)
(1 0.11 0.03333333333)
(0 0.115 0.03333333333)
(1 0.115 0.03333333333)
(0 0.12 0.03333333333)
(1 0.12 0.03333333333)
(0 0.125 0.03333333333)
(1 0.125 0.03333333333)
(0 0.13 0.03333333333)
(1 0.13 0.03333333333)
(0 0.135 0.03333333333)
(1 0.135 0.03333333333)
(0 0.14 0.03333333333)
(1 0.14 0.03333333333)
(0 0.145 0.03333333333)
(1 0.145 0.03333333333)
(0 0.15 0.03333333333)
(1 0.15 0.03333333333)
(0 0.155 0.03333333333)
(1 0.155 0.03333333333)
(0 0.16 0.03333333333)
(1 0.16 0.03333333333)
(0 0.165 0.03333333333)
(1 0.165 0.03333333333)
(0 0.17 0.03333333333)
(1 0.17 0.03333333333)
(0 0.175 0.03333333333)
(1 0.175 0.03333333333)
(0 0.18 0.03333333333)
(1 0.18 0.03333333333)
(0 0.185 0.03333333333)
(1 0.185 0.03333333333)
(0 0.19 0.03333333333)
(1 0.19 0.03333333333)
(0 0.195 0.03333333333)
(1 0.195 0.03333333333)
(0 0.2 0.03333333333)
(1 0.2 0.03333333333)
(0 0.205 0.03333333333)
(1 0.205 0.03333333333)
(0 0.21 0.03333333333)
(1 0.21 0.03333333333)
(0 0.215 0.03333333333)
(1 0.215 0.03333333333)
(0 0.22 0.03333333333)
(1 0.22 0.03333333333)
(0 0.225 0.03333333333)
(1 0.225 0.03333333333)
(0 0.23 0.03333333333)
(1 0.23 0.03333333333)
(0 0.235 0.03333333333)
(1 0.235 0.03333333333)
(0 0.24 0.03333333333)
(1 0.24 0.03333333333)
(0 0.245 0.03333333333)
(1 0.245 0.03333333333)
(0 0.25 0.03333333333)
(1 0.25 0.03333333333)
(0 0.255 0.03333333333)
(1 0.255 0.03333333333)
(0 0.26 0.03333333333)
(1 0.26 0.03333333333)
(0 0.265 0.03333333333)
(1 0.265 0.03333333333)
(0 0.27 0.03333333333)
(1 0.27 0.03333333333)
(0 0.275 0.03333333333)
(1 0.275 0.03333333333)
(0 0.28 0.03333333333)
(1 0.28 0.03333333333)
(0 0.285 0.03333333333)
(1 0.285 0.03333333333)
(0 0.29 0.03333333333)
(1 0.29 0.03333333333)
(0 0.295 0.03333333333)
(1 0.295 0.03333333333)
(0 0.3 0.03333333333)
(1 0.3 0.03333333333)
(0 0.305 0.03333333333)
(1 0.305 0.03333333333)
(0 0.31 0.03333333333)
(1 0.31 0.03333333333)
(0 0.315 0.03333333333)
(1 0.315 0.03333333333)
(0 0.32 0.03333333333)
(1 0.32 0.03333333333)
(0 0.325 0.03333333333)
(1 0.325 0.03333333333)
(0 0.33 0.03333333333)
(1 0.33 0.03333333333)
(0 0.335 0.03333333333)
(1 0.335 0.03333333333)
(0 0.34 0.03333333333)
(1 0.34 0.03333333333)
(0 0.345 0.03333333333)
(1 0.345 0.03333333333)
(0 0.35 0.03333333333)
(1 0.35 0.03333333333)
(0 0.355 0.03333333333)
(1 0.355 0.03333333333)
(0 0.36 0.03333333333)
(1 0.36 0.03333333333)
(0 0 0.05)
(1 0 0.05)
(0 0.005 0.05)
(1 0.005 0.05)
(0 0.01 0.05)
(1 0.01 0.05)
(0 0.015 0.05)
(1 0.015 0.05)
(0 0.02 0.05)
(1 0.02 0.05)
(0 0.025 0.05)
(1 0.025 0.05)
(0 0.03 0.05)
(1 0.03 0.05)
(0 0.035 0.05)
(1 0.035 0.05)
(0 0.04 0.05)
(1 0.04 0.05)
(0 0.045 0.05)
(1 0.045 0.05)
(0 0.05 0.05)
(1 0.05 0.05)
(0 0.055 0.05)
(1 0.055 0.05)
(0 0.06 0.05)
(1 0.06 0.05)
(0 0.065 0.05)
(1 0.065 0.05)
(0 0.07 0.05)
(1 0.07 0.05)
(0 0.075 0.05)
(1 0.075 0.05)
(0 0.08 0.05)
(1 0.08 0.05)
(0 0.085 0.05)
(1 0.085 0.05)
(0 0.09 0.05)
(1 0.09 0.05)
(0 0.095 0.05)
(1 0.095 0.05)
(0 0.1 0.05)
(1 0.1 0.05)
(0 0.105 0.05)
(1 0.105 0.05)
(0 0.11 0.05)
(1 0.11 0.05)
(0 0.115 0.05)
(1 0.115 0.05)
(0 0.12 0.05)
(1 0.12 0.05)
(0 0.125 0.05)
(1 0.125 0.05)
(0 0.13 0.05)
(1 0.13 0.05)
(0 0.135 0.05)
(1 0.135 0.05)
(0 0.14 0.05)
(1 0.14 0.05)
(0 0.145 0.05)
(1 0.145 0.05)
(0 0.15 0.05)
(1 0.15 0.05)
(0 0.155 0.05)
(1 0.155 0.05)
(0 0.16 0.05)
(1 0.16 0.05)
(0 0.165 0.05)
(1 0.165 0.05)
(0 0.17 0.05)
(1 0.17 0.05)
(0 0.175 0.05)
(1 0.175 0.05)
(0 0.18 0.05)
(1 0.18 0.05)
(0 0.185 0.05)
(1 0.185 0.05)
(0 0.19 0.05)
(1 0.19 0.05)
(0 0.195 0.05)
(1 0.195 0.05)
(0 0.2 0.05)
(1 0.2 0.05)
(0 0.205 0.05)
(1 0.205 0.05)
(0 0.21 0.05)
(1 0.21 0.05)
(0 0.215 0.05)
(1 0.215 0.05)
(0 0.22 0.05)
(1 0.22 0.05)
(0 0.225 0.05)
(1 0.225 0.05)
(0 0.23 0.05)
(1 0.23 0.05)
(0 0.235 0.05)
(1 0.235 0.05)
(0 0.24 0.05)
(1 0.24 0.05)
(0 0.245 0.05)
(1 0.245 0.05)
(0 0.25 0.05)
(1 0.25 0.05)
(0 0.255 0.05)
(1 0.255 0.05)
(0 0.26 0.05)
(1 0.26 0.05)
(0 0.265 0.05)
(1 0.265 0.05)
(0 0.27 0.05)
(1 0.27 0.05)
(0 0.275 0.05)
(1 0.275 0.05)
(0 0.28 0.05)
(1 0.28 0.05)
(0 0.285 0.05)
(1 0.285 0.05)
(0 0.29 0.05)
(1 0.29 0.05)
(0 0.295 0.05)
(1 0.295 0.05)
(0 0.3 0.05)
(1 0.3 0.05)
(0 0.305 0.05)
(1 0.305 0.05)
(0 0.31 0.05)
(1 0.31 0.05)
(0 0.315 0.05)
(1 0.315 0.05)
(0 0.32 0.05)
(1 0.32 0.05)
(0 0.325 0.05)
(1 0.325 0.05)
(0 0.33 0.05)
(1 0.33 0.05)
(0 0.335 0.05)
(1 0.335 0.05)
(0 0.34 0.05)
(1 0.34 0.05)
(0 0.345 0.05)
(1 0.345 0.05)
(0 0.35 0.05)
(1 0.35 0.05)
(0 0.355 0.05)
(1 0.355 0.05)
(0 0.36 0.05)
(1 0.36 0.05)
(0 0 0.06666666667)
(1 0 0.06666666667)
(0 0.005 0.06666666667)
(1 0.005 0.06666666667)
(0 0.01 0.06666666667)
(1 0.01 0.06666666667)
(0 0.015 0.06666666667)
(1 0.015 0.06666666667)
(0 0.02 0.06666666667)
(1 0.02 0.06666666667)
(0 0.025 0.06666666667)
(1 0.025 0.06666666667)
(0 0.03 0.06666666667)
(1 0.03 0.06666666667)
(0 0.035 0.06666666667)
(1 0.035 0.06666666667)
(0 0.04 0.06666666667)
(1 0.04 0.06666666667)
(0 0.045 0.06666666667)
(1 0.045 0.06666666667)
(0 0.05 0.06666666667)
(1 0.05 0.06666666667)
(0 0.055 0.06666666667)
(1 0.055 0.06666666667)
(0 0.06 0.06666666667)
(1 0.06 0.06666666667)
(0 0.065 0.06666666667)
(1 0.065 0.06666666667)
(0 0.07 0.06666666667)
(1 0.07 0.06666666667)
(0 0.075 0.06666666667)
(1 0.075 0.06666666667)
(0 0.08 0.06666666667)
(1 0.08 0.06666666667)
(0 0.085 0.06666666667)
(1 0.085 0.06666666667)
(0 0.09 0.06666666667)
(1 0.09 0.06666666667)
(0 0.095 0.06666666667)
(1 0.095 0.06666666667)
(0 0.1 0.06666666667)
(1 0.1 0.06666666667)
(0 0.105 0.06666666667)
(1 0.105 0.06666666667)
(0 0.11 0.06666666667)
(1 0.11 0.06666666667)
(0 0.115 0.06666666667)
(1 0.115 0.06666666667)
(0 0.12 0.06666666667)
(1 0.12 0.06666666667)
(0 0.125 0.06666666667)
(1 0.125 0.06666666667)
(0 0.13 0.06666666667)
(1 0.13 0.06666666667)
(0 0.135 0.06666666667)
(1 0.135 0.06666666667)
(0 0.14 0.06666666667)
(1 0.14 0.06666666667)
(0 0.145 0.06666666667)
(1 0.145 0.06666666667)
(0 0.15 0.06666666667)
(1 0.15 0.06666666667)
(0 0.155 0.06666666667)
(1 0.155 0.06666666667)
(0 0.16 0.06666666667)
(1 0.16 0.06666666667)
(0 0.165 0.06666666667)
(1 0.165 0.06666666667)
(0 0.17 0.06666666667)
(1 0.17 0.06666666667)
(0 0.175 0.06666666667)
(1 0.175 0.06666666667)
(0 0.18 0.06666666667)
(1 0.18 0.06666666667)
(0 0.185 0.06666666667)
(1 0.185 0.06666666667)
(0 0.19 0.06666666667)
(1 0.19 0.06666666667)
(0 0.195 0.06666666667)
(1 0.195 0.06666666667)
(0 0.2 0.06666666667)
(1 0.2 0.06666666667)
(0 0.205 0.06666666667)
(1 0.205 0.06666666667)
(0 0.21 0.06666666667)
(1 0.21 0.06666666667)
(0 0.215 0.06666666667)
(1 0.215 0.06666666667)
(0 0.22 0.06666666667)
(1 0.22 0.06666666667)
(0 0.225 0.06666666667)
(1 0.225 0.06666666667)
(0 0.23 0.06666666667)
(1 0.23 0.06666666667)
(0 0.235 0.06666666667)
(1 0.235 0.06666666667)
(0 0.24 0.06666666667)
(1 0.24 0.06666666667)
(0 0.245 0.06666666667)
(1 0.245 0.06666666667)
(0 0.25 0.06666666667)
(1 0.25 0.06666666667)
(0 0.255 0.06666666667)
(1 0.255 0.06666666667)
(0 0.26 0.06666666667)
(1 0.26 0.06666666667)
(0 0.265 0.06666666667)
(1 0.265 0.06666666667)
(0 0.27 0.06666666667)
(1 0.27 0.06666666667)
(0 0.275 0.06666666667)
(1 0.275 0.06666666667)
(0 0.28 0.06666666667)
(1 0.28 0.06666666667)
(0 0.285 0.06666666667)
(1 0.285 0.06666666667)
(0 0.29 0.06666666667)
(1 0.29 0.06666666667)
(0 0.295 0.06666666667)
(1 0.295 0.06666666667)
(0 0.3 0.06666666667)
(1 0.3 0.06666666667)
(0 0.305 0.06666666667)
(1 0.305 0.06666666667)
(0 0.31 0.06666666667)
(1 0.31 0.06666666667)
(0 0.315 0.06666666667)
(1 0.315 0.06666666667)
(0 0.32 0.06666666667)
(1 0.32 0.06666666667)
(0 0.325 0.06666666667)
(1 0.325 0.06666666667)
(0 0.33 0.06666666667)
(1 0.33 0.06666666667)
(0 0.335 0.06666666667)
(1 0.335 0.06666666667)
(0 0.34 0.06666666667)
(1 0.34 0.06666666667)
(0 0.345 0.06666666667)
(1 0.345 0.06666666667)
(0 0.35 0.06666666667)
(1 0.35 0.06666666667)
(0 0.355 0.06666666667)
(1 0.355 0.06666666667)
(0 0.36 0.06666666667)
(1 0.36 0.06666666667)
(0 0 0.08333333333)
(1 0 0.08333333333)
(0 0.005 0.08333333333)
(1 0.005 0.08333333333)
(0 0.01 0.08333333333)
(1 0.01 0.08333333333)
(0 0.015 0.08333333333)
(1 0.015 0.08333333333)
(0 0.02 0.08333333333)
(1 0.02 0.08333333333)
(0 0.025 0.08333333333)
(1 0.025 0.08333333333)
(0 0.03 0.08333333333)
(1 0.03 0.08333333333)
(0 0.035 0.08333333333)
(1 0.035 0.08333333333)
(0 0.04 0.08333333333)
(1 0.04 0.08333333333)
(0 0.045 0.08333333333)
(1 0.045 0.08333333333)
(0 0.05 0.08333333333)
(1 0.05 0.08333333333)
(0 0.055 0.08333333333)
(1 0.055 0.08333333333)
(0 0.06 0.08333333333)
(1 0.06 0.08333333333)
(0 0.065 0.08333333333)
(1 0.065 0.08333333333)
(0 0.07 0.08333333333)
(1 0.07 0.08333333333)
(0 0.075 0.08333333333)
(1 0.075 0.08333333333)
(0 0.08 0.08333333333)
(1 0.08 0.08333333333)
(0 0.085 0.08333333333)
(1 0.085 0.08333333333)
(0 0.09 0.08333333333)
(1 0.09 0.08333333333)
(0 0.095 0.08333333333)
(1 0.095 0.08333333333)
(0 0.1 0.08333333333)
(1 0.1 0.08333333333)
(0 0.105 0.08333333333)
(1 0.105 0.08333333333)
(0 0.11 0.08333333333)
(1 0.11 0.08333333333)
(0 0.115 0.08333333333)
(1 0.115 0.08333333333)
(0 0.12 0.08333333333)
(1 0.12 0.08333333333)
(0 0.125 0.08333333333)
(1 0.125 0.08333333333)
(0 0.13 0.08333333333)
(1 0.13 0.08333333333)
(0 0.135 0.08333333333)
(1 0.135 0.08333333333)
(0 0.14 0.08333333333)
(1 0.14 0.08333333333)
(0 0.145 0.08333333333)
(1 0.145 0.08333333333)
(0 0.15 0.08333333333)
(1 0.15 0.08333333333)
(0 0.155 0.08333333333)
(1 0.155 0.08333333333)
(0 0.16 0.08333333333)
(1 0.16 0.08333333333)
(0 0.165 0.08333333333)
(1 0.165 0.08333333333)
(0 0.17 0.08333333333)
(1 0.17 0.08333333333)
(0 0.175 0.08333333333)
(1 0.175 0.08333333333)
(0 0.18 0.08333333333)
(1 0.18 0.08333333333)
(0 0.185 0.08333333333)
(1 0.185 0.08333333333)
(0 0.19 0.08333333333)
(1 0.19 0.08333333333)
(0 0.195 0.08333333333)
(1 0.195 0.08333333333)
(0 0.2 0.08333333333)
(1 0.2 0.08333333333)
(0 0.205 0.08333333333)
(1 0.205 0.08333333333)
(0 0.21 0.08333333333)
(1 0.21 0.08333333333)
(0 0.215 0.08333333333)
(1 0.215 0.08333333333)
(0 0.22 0.08333333333)
(1 0.22 0.08333333333)
(0 0.225 0.08333333333)
(1 0.225 0.08333333333)
(0 0.23 0.08333333333)
(1 0.23 0.08333333333)
(0 0.235 0.08333333333)
(1 0.235 0.08333333333)
(0 0.24 0.08333333333)
(1 0.24 0.08333333333)
(0 0.245 0.08333333333)
(1 0.245 0.08333333333)
(0 0.25 0.08333333333)
(1 0.25 0.08333333333)
(0 0.255 0.08333333333)
(1 0.255 0.08333333333)
(0 0.26 0.08333333333)
(1 0.26 0.08333333333)
(0 0.265 0.08333333333)
(1 0.265 0.08333333333)
(0 0.27 0.08333333333)
(1 0.27 0.08333333333)
(0 0.275 0.08333333333)
(1 0.275 0.08333333333)
(0 0.28 0.08333333333)
(1 0.28 0.08333333333)
(0 0.285 0.08333333333)
(1 0.285 0.08333333333)
(0 0.29 0.08333333333)
(1 0.29 0.08333333333)
(0 0.295 0.08333333333)
(1 0.295 0.08333333333)
(0 0.3 0.08333333333)
(1 0.3 0.08333333333)
(0 0.305 0.08333333333)
(1 0.305 0.08333333333)
(0 0.31 0.08333333333)
(1 0.31 0.08333333333)
(0 0.315 0.08333333333)
(1 0.315 0.08333333333)
(0 0.32 0.08333333333)
(1 0.32 0.08333333333)
(0 0.325 0.08333333333)
(1 0.325 0.08333333333)
(0 0.33 0.08333333333)
(1 0.33 0.08333333333)
(0 0.335 0.08333333333)
(1 0.335 0.08333333333)
(0 0.34 0.08333333333)
(1 0.34 0.08333333333)
(0 0.345 0.08333333333)
(1 0.345 0.08333333333)
(0 0.35 0.08333333333)
(1 0.35 0.08333333333)
(0 0.355 0.08333333333)
(1 0.355 0.08333333333)
(0 0.36 0.08333333333)
(1 0.36 0.08333333333)
(0 0 0.1)
(1 0 0.1)
(0 0.005 0.1)
(1 0.005 0.1)
(0 0.01 0.1)
(1 0.01 0.1)
(0 0.015 0.1)
(1 0.015 0.1)
(0 0.02 0.1)
(1 0.02 0.1)
(0 0.025 0.1)
(1 0.025 0.1)
(0 0.03 0.1)
(1 0.03 0.1)
(0 0.035 0.1)
(1 0.035 0.1)
(0 0.04 0.1)
(1 0.04 0.1)
(0 0.045 0.1)
(1 0.045 0.1)
(0 0.05 0.1)
(1 0.05 0.1)
(0 0.055 0.1)
(1 0.055 0.1)
(0 0.06 0.1)
(1 0.06 0.1)
(0 0.065 0.1)
(1 0.065 0.1)
(0 0.07 0.1)
(1 0.07 0.1)
(0 0.075 0.1)
(1 0.075 0.1)
(0 0.08 0.1)
(1 0.08 0.1)
(0 0.085 0.1)
(1 0.085 0.1)
(0 0.09 0.1)
(1 0.09 0.1)
(0 0.095 0.1)
(1 0.095 0.1)
(0 0.1 0.1)
(1 0.1 0.1)
(0 0.105 0.1)
(1 0.105 0.1)
(0 0.11 0.1)
(1 0.11 0.1)
(0 0.115 0.1)
(1 0.115 0.1)
(0 0.12 0.1)
(1 0.12 0.1)
(0 0.125 0.1)
(1 0.125 0.1)
(0 0.13 0.1)
(1 0.13 0.1)
(0 0.135 0.1)
(1 0.135 0.1)
(0 0.14 0.1)
(1 0.14 0.1)
(0 0.145 0.1)
(1 0.145 0.1)
(0 0.15 0.1)
(1 0.15 0.1)
(0 0.155 0.1)
(1 0.155 0.1)
(0 0.16 0.1)
(1 0.16 0.1)
(0 0.165 0.1)
(1 0.165 0.1)
(0 0.17 0.1)
(1 0.17 0.1)
(0 0.175 0.1)
(1 0.175 0.1)
(0 0.18 0.1)
(1 0.18 0.1)
(0 0.185 0.1)
(1 0.185 0.1)
(0 0.19 0.1)
(1 0.19 0.1)
(0 0.195 0.1)
(1 0.195 0.1)
(0 0.2 0.1)
(1 0.2 0.1)
(0 0.205 0.1)
(1 0.205 0.1)
(0 0.21 0.1)
(1 0.21 0.1)
(0 0.215 0.1)
(1 0.215 0.1)
(0 0.22 0.1)
(1 0.22 0.1)
(0 0.225 0.1)
(1 0.225 0.1)
(0 0.23 0.1)
(1 0.23 0.1)
(0 0.235 0.1)
(1 0.235 0.1)
(0 0.24 0.1)
(1 0.24 0.1)
(0 0.245 0.1)
(1 0.245 0.1)
(0 0.25 0.1)
(1 0.25 0.1)
(0 0.255 0.1)
(1 0.255 0.1)
(0 0.26 0.1)
(1 0.26 0.1)
(0 0.265 0.1)
(1 0.265 0.1)
(0 0.27 0.1)
(1 0.27 0.1)
(0 0.275 0.1)
(1 0.275 0.1)
(0 0.28 0.1)
(1 0.28 0.1)
(0 0.285 0.1)
(1 0.285 0.1)
(0 0.29 0.1)
(1 0.29 0.1)
(0 0.295 0.1)
(1 0.295 0.1)
(0 0.3 0.1)
(1 0.3 0.1)
(0 0.305 0.1)
(1 0.305 0.1)
(0 0.31 0.1)
(1 0.31 0.1)
(0 0.315 0.1)
(1 0.315 0.1)
(0 0.32 0.1)
(1 0.32 0.1)
(0 0.325 0.1)
(1 0.325 0.1)
(0 0.33 0.1)
(1 0.33 0.1)
(0 0.335 0.1)
(1 0.335 0.1)
(0 0.34 0.1)
(1 0.34 0.1)
(0 0.345 0.1)
(1 0.345 0.1)
(0 0.35 0.1)
(1 0.35 0.1)
(0 0.355 0.1)
(1 0.355 0.1)
(0 0.36 0.1)
(1 0.36 0.1)
(0 0 0.1166666667)
(1 0 0.1166666667)
(0 0.005 0.1166666667)
(1 0.005 0.1166666667)
(0 0.01 0.1166666667)
(1 0.01 0.1166666667)
(0 0.015 0.1166666667)
(1 0.015 0.1166666667)
(0 0.02 0.1166666667)
(1 0.02 0.1166666667)
(0 0.025 0.1166666667)
(1 0.025 0.1166666667)
(0 0.03 0.1166666667)
(1 0.03 0.1166666667)
(0 0.035 0.1166666667)
(1 0.035 0.1166666667)
(0 0.04 0.1166666667)
(1 0.04 0.1166666667)
(0 0.045 0.1166666667)
(1 0.045 0.1166666667)
(0 0.05 0.1166666667)
(1 0.05 0.1166666667)
(0 0.055 0.1166666667)
(1 0.055 0.1166666667)
(0 0.06 0.1166666667)
(1 0.06 0.1166666667)
(0 0.065 0.1166666667)
(1 0.065 0.1166666667)
(0 0.07 0.1166666667)
(1 0.07 0.1166666667)
(0 0.075 0.1166666667)
(1 0.075 0.1166666667)
(0 0.08 0.1166666667)
(1 0.08 0.1166666667)
(0 0.085 0.1166666667)
(1 0.085 0.1166666667)
(0 0.09 0.1166666667)
(1 0.09 0.1166666667)
(0 0.095 0.1166666667)
(1 0.095 0.1166666667)
(0 0.1 0.1166666667)
(1 0.1 0.1166666667)
(0 0.105 0.1166666667)
(1 0.105 0.1166666667)
(0 0.11 0.1166666667)
(1 0.11 0.1166666667)
(0 0.115 0.1166666667)
(1 0.115 0.1166666667)
(0 0.12 0.1166666667)
(1 0.12 0.1166666667)
(0 0.125 0.1166666667)
(1 0.125 0.1166666667)
(0 0.13 0.1166666667)
(1 0.13 0.1166666667)
(0 0.135 0.1166666667)
(1 0.135 0.1166666667)
(0 0.14 0.1166666667)
(1 0.14 0.1166666667)
(0 0.145 0.1166666667)
(1 0.145 0.1166666667)
(0 0.15 0.1166666667)
(1 0.15 0.1166666667)
(0 0.155 0.1166666667)
(1 0.155 0.1166666667)
(0 0.16 0.1166666667)
(1 0.16 0.1166666667)
(0 0.165 0.1166666667)
(1 0.165 0.1166666667)
(0 0.17 0.1166666667)
(1 0.17 0.1166666667)
(0 0.175 0.1166666667)
(1 0.175 0.1166666667)
(0 0.18 0.1166666667)
(1 0.18 0.1166666667)
(0 0.185 0.1166666667)
(1 0.185 0.1166666667)
(0 0.19 0.1166666667)
(1 0.19 0.1166666667)
(0 0.195 0.1166666667)
(1 0.195 0.1166666667)
(0 0.2 0.1166666667)
(1 0.2 0.1166666667)
(0 0.205 0.1166666667)
(1 0.205 0.1166666667)
(0 0.21 0.1166666667)
(1 0.21 0.1166666667)
(0 0.215 0.1166666667)
(1 0.215 0.1166666667)
(0 0.22 0.1166666667)
(1 0.22 0.1166666667)
(0 0.225 0.1166666667)
(1 0.225 0.1166666667)
(0 0.23 0.1166666667)
(1 0.23 0.1166666667)
(0 0.235 0.1166666667)
(1 0.235 0.1166666667)
(0 0.24 0.1166666667)
(1 0.24 0.1166666667)
(0 0.245 0.1166666667)
(1 0.245 0.1166666667)
(0 0.25 0.1166666667)
(1 0.25 0.1166666667)
(0 0.255 0.1166666667)
(1 0.255 0.1166666667)
(0 0.26 0.1166666667)
(1 0.26 0.1166666667)
(0 0.265 0.1166666667)
(1 0.265 0.1166666667)
(0 0.27 0.1166666667)
(1 0.27 0.1166666667)
(0 0.275 0.1166666667)
(1 0.275 0.1166666667)
(0 0.28 0.1166666667)
(1 0.28 0.1166666667)
(0 0.285 0.1166666667)
(1 0.285 0.1166666667)
(0 0.29 0.1166666667)
(1 0.29 0.1166666667)
(0 0.295 0.1166666667)
(1 0.295 0.1166666667)
(0 0.3 0.1166666667)
(1 0.3 0.1166666667)
(0 0.305 0.1166666667)
(1 0.305 0.1166666667)
(0 0.31 0.1166666667)
(1 0.31 0.1166666667)
(0 0.315 0.1166666667)
(1 0.315 0.1166666667)
(0 0.32 0.1166666667)
(1 0.32 0.1166666667)
(0 0.325 0.1166666667)
(1 0.325 0.1166666667)
(0 0.33 0.1166666667)
(1 0.33 0.1166666667)
(0 0.335 0.1166666667)
(1 0.335 0.1166666667)
(0 0.34 0.1166666667)
(1 0.34 0.1166666667)
(0 0.345 0.1166666667)
(1 0.345 0.1166666667)
(0 0.35 0.1166666667)
(1 0.35 0.1166666667)
(0 0.355 0.1166666667)
(1 0.355 0.1166666667)
(0 0.36 0.1166666667)
(1 0.36 0.1166666667)
(0 0 0.1333333333)
(1 0 0.1333333333)
(0 0.005 0.1333333333)
(1 0.005 0.1333333333)
(0 0.01 0.1333333333)
(1 0.01 0.1333333333)
(0 0.015 0.1333333333)
(1 0.015 0.1333333333)
(0 0.02 0.1333333333)
(1 0.02 0.1333333333)
(0 0.025 0.1333333333)
(1 0.025 0.1333333333)
(0 0.03 0.1333333333)
(1 0.03 0.1333333333)
(0 0.035 0.1333333333)
(1 0.035 0.1333333333)
(0 0.04 0.1333333333)
(1 0.04 0.1333333333)
(0 0.045 0.1333333333)
(1 0.045 0.1333333333)
(0 0.05 0.1333333333)
(1 0.05 0.1333333333)
(0 0.055 0.1333333333)
(1 0.055 0.1333333333)
(0 0.06 0.1333333333)
(1 0.06 0.1333333333)
(0 0.065 0.1333333333)
(1 0.065 0.1333333333)
(0 0.07 0.1333333333)
(1 0.07 0.1333333333)
(0 0.075 0.1333333333)
(1 0.075 0.1333333333)
(0 0.08 0.1333333333)
(1 0.08 0.1333333333)
(0 0.085 0.1333333333)
(1 0.085 0.1333333333)
(0 0.09 0.1333333333)
(1 0.09 0.1333333333)
(0 0.095 0.1333333333)
(1 0.095 0.1333333333)
(0 0.1 0.1333333333)
(1 0.1 0.1333333333)
(0 0.105 0.1333333333)
(1 0.105 0.1333333333)
(0 0.11 0.1333333333)
(1 0.11 0.1333333333)
(0 0.115 0.1333333333)
(1 0.115 0.1333333333)
(0 0.12 0.1333333333)
(1 0.12 0.1333333333)
(0 0.125 0.1333333333)
(1 0.125 0.1333333333)
(0 0.13 0.1333333333)
(1 0.13 0.1333333333)
(0 0.135 0.1333333333)
(1 0.135 0.1333333333)
(0 0.14 0.1333333333)
(1 0.14 0.1333333333)
(0 0.145 0.1333333333)
(1 0.145 0.1333333333)
(0 0.15 0.1333333333)
(1 0.15 0.1333333333)
(0 0.155 0.1333333333)
(1 0.155 0.1333333333)
(0 0.16 0.1333333333)
(1 0.16 0.1333333333)
(0 0.165 0.1333333333)
(1 0.165 0.1333333333)
(0 0.17 0.1333333333)
(1 0.17 0.1333333333)
(0 0.175 0.1333333333)
(1 0.175 0.1333333333)
(0 0.18 0.1333333333)
(1 0.18 0.1333333333)
(0 0.185 0.1333333333)
(1 0.185 0.1333333333)
(0 0.19 0.1333333333)
(1 0.19 0.1333333333)
(0 0.195 0.1333333333)
(1 0.195 0.1333333333)
(0 0.2 0.1333333333)
(1 0.2 0.1333333333)
(0 0.205 0.1333333333)
(1 0.205 0.1333333333)
(0 0.21 0.1333333333)
(1 0.21 0.1333333333)
(0 0.215 0.1333333333)
(1 0.215 0.1333333333)
(0 0.22 0.1333333333)
(1 0.22 0.1333333333)
(0 0.225 0.1333333333)
(1 0.225 0.1333333333)
(0 0.23 0.1333333333)
(1 0.23 0.1333333333)
(0 0.235 0.1333333333)
(1 0.235 0.1333333333)
(0 0.24 0.1333333333)
(1 0.24 0.1333333333)
(0 0.245 0.1333333333)
(1 0.245 0.1333333333)
(0 0.25 0.1333333333)
(1 0.25 0.1333333333)
(0 0.255 0.1333333333)
(1 0.255 0.1333333333)
(0 0.26 0.1333333333)
(1 0.26 0.1333333333)
(0 0.265 0.1333333333)
(1 0.265 0.1333333333)
(0 0.27 0.1333333333)
(1 0.27 0.1333333333)
(0 0.275 0.1333333333)
(1 0.275 0.1333333333)
(0 0.28 0.1333333333)
(1 0.28 0.1333333333)
(0 0.285 0.1333333333)
(1 0.285 0.1333333333)
(0 0.29 0.1333333333)
(1 0.29 0.1333333333)
(0 0.295 0.1333333333)
(1 0.295 0.1333333333)
(0 0.3 0.1333333333)
(1 0.3 0.1333333333)
(0 0.305 0.1333333333)
(1 0.305 0.1333333333)
(0 0.31 0.1333333333)
(1 0.31 0.1333333333)
(0 0.315 0.1333333333)
(1 0.315 0.1333333333)
(0 0.32 0.1333333333)
(1 0.32 0.1333333333)
(0 0.325 0.1333333333)
(1 0.325 0.1333333333)
(0 0.33 0.1333333333)
(1 0.33 0.1333333333)
(0 0.335 0.1333333333)
(1 0.335 0.1333333333)
(0 0.34 0.1333333333)
(1 0.34 0.1333333333)
(0 0.345 0.1333333333)
(1 0.345 0.1333333333)
(0 0.35 0.1333333333)
(1 0.35 0.1333333333)
(0 0.355 0.1333333333)
(1 0.355 0.1333333333)
(0 0.36 0.1333333333)
(1 0.36 0.1333333333)
(0 0 0.15)
(1 0 0.15)
(0 0.005 0.15)
(1 0.005 0.15)
(0 0.01 0.15)
(1 0.01 0.15)
(0 0.015 0.15)
(1 0.015 0.15)
(0 0.02 0.15)
(1 0.02 0.15)
(0 0.025 0.15)
(1 0.025 0.15)
(0 0.03 0.15)
(1 0.03 0.15)
(0 0.035 0.15)
(1 0.035 0.15)
(0 0.04 0.15)
(1 0.04 0.15)
(0 0.045 0.15)
(1 0.045 0.15)
(0 0.05 0.15)
(1 0.05 0.15)
(0 0.055 0.15)
(1 0.055 0.15)
(0 0.06 0.15)
(1 0.06 0.15)
(0 0.065 0.15)
(1 0.065 0.15)
(0 0.07 0.15)
(1 0.07 0.15)
(0 0.075 0.15)
(1 0.075 0.15)
(0 0.08 0.15)
(1 0.08 0.15)
(0 0.085 0.15)
(1 0.085 0.15)
(0 0.09 0.15)
(1 0.09 0.15)
(0 0.095 0.15)
(1 0.095 0.15)
(0 0.1 0.15)
(1 0.1 0.15)
(0 0.105 0.15)
(1 0.105 0.15)
(0 0.11 0.15)
(1 0.11 0.15)
(0 0.115 0.15)
(1 0.115 0.15)
(0 0.12 0.15)
(1 0.12 0.15)
(0 0.125 0.15)
(1 0.125 0.15)
(0 0.13 0.15)
(1 0.13 0.15)
(0 0.135 0.15)
(1 0.135 0.15)
(0 0.14 0.15)
(1 0.14 0.15)
(0 0.145 0.15)
(1 0.145 0.15)
(0 0.15 0.15)
(1 0.15 0.15)
(0 0.155 0.15)
(1 0.155 0.15)
(0 0.16 0.15)
(1 0.16 0.15)
(0 0.165 0.15)
(1 0.165 0.15)
(0 0.17 0.15)
(1 0.17 0.15)
(0 0.175 0.15)
(1 0.175 0.15)
(0 0.18 0.15)
(1 0.18 0.15)
(0 0.185 0.15)
(1 0.185 0.15)
(0 0.19 0.15)
(1 0.19 0.15)
(0 0.195 0.15)
(1 0.195 0.15)
(0 0.2 0.15)
(1 0.2 0.15)
(0 0.205 0.15)
(1 0.205 0.15)
(0 0.21 0.15)
(1 0.21 0.15)
(0 0.215 0.15)
(1 0.215 0.15)
(0 0.22 0.15)
(1 0.22 0.15)
(0 0.225 0.15)
(1 0.225 0.15)
(0 0.23 0.15)
(1 0.23 0.15)
(0 0.235 0.15)
(1 0.235 0.15)
(0 0.24 0.15)
(1 0.24 0.15)
(0 0.245 0.15)
(1 0.245 0.15)
(0 0.25 0.15)
(1 0.25 0.15)
(0 0.255 0.15)
(1 0.255 0.15)
(0 0.26 0.15)
(1 0.26 0.15)
(0 0.265 0.15)
(1 0.265 0.15)
(0 0.27 0.15)
(1 0.27 0.15)
(0 0.275 0.15)
(1 0.275 0.15)
(0 0.28 0.15)
(1 0.28 0.15)
(0 0.285 0.15)
(1 0.285 0.15)
(0 0.29 0.15)
(1 0.29 0.15)
(0 0.295 0.15)
(1 0.295 0.15)
(0 0.3 0.15)
(1 0.3 0.15)
(0 0.305 0.15)
(1 0.305 0.15)
(0 0.31 0.15)
(1 0.31 0.15)
(0 0.315 0.15)
(1 0.315 0.15)
(0 0.32 0.15)
(1 0.32 0.15)
(0 0.325 0.15)
(1 0.325 0.15)
(0 0.33 0.15)
(1 0.33 0.15)
(0 0.335 0.15)
(1 0.335 0.15)
(0 0.34 0.15)
(1 0.34 0.15)
(0 0.345 0.15)
(1 0.345 0.15)
(0 0.35 0.15)
(1 0.35 0.15)
(0 0.355 0.15)
(1 0.355 0.15)
(0 0.36 0.15)
(1 0.36 0.15)
(0 0 0.1666666667)
(1 0 0.1666666667)
(0 0.005 0.1666666667)
(1 0.005 0.1666666667)
(0 0.01 0.1666666667)
(1 0.01 0.1666666667)
(0 0.015 0.1666666667)
(1 0.015 0.1666666667)
(0 0.02 0.1666666667)
(1 0.02 0.1666666667)
(0 0.025 0.1666666667)
(1 0.025 0.1666666667)
(0 0.03 0.1666666667)
(1 0.03 0.1666666667)
(0 0.035 0.1666666667)
(1 0.035 0.1666666667)
(0 0.04 0.1666666667)
(1 0.04 0.1666666667)
(0 0.045 0.1666666667)
(1 0.045 0.1666666667)
(0 0.05 0.1666666667)
(1 0.05 0.1666666667)
(0 0.055 0.1666666667)
(1 0.055 0.1666666667)
(0 0.06 0.1666666667)
(1 0.06 0.1666666667)
(0 0.065 0.1666666667)
(1 0.065 0.1666666667)
(0 0.07 0.1666666667)
(1 0.07 0.1666666667)
(0 0.075 0.1666666667)
(1 0.075 0.1666666667)
(0 0.08 0.1666666667)
(1 0.08 0.1666666667)
(0 0.085 0.1666666667)
(1 0.085 0.1666666667)
(0 0.09 0.1666666667)
(1 0.09 0.1666666667)
(0 0.095 0.1666666667)
(1 0.095 0.1666666667)
(0 0.1 0.1666666667)
(1 0.1 0.1666666667)
(0 0.105 0.1666666667)
(1 0.105 0.1666666667)
(0 0.11 0.1666666667)
(1 0.11 0.1666666667)
(0 0.115 0.1666666667)
(1 0.115 0.1666666667)
(0 0.12 0.1666666667)
(1 0.12 0.1666666667)
(0 0.125 0.1666666667)
(1 0.125 0.1666666667)
(0 0.13 0.1666666667)
(1 0.13 0.1666666667)
(0 0.135 0.1666666667)
(1 0.135 0.1666666667)
(0 0.14 0.1666666667)
(1 0.14 0.1666666667)
(0 0.145 0.1666666667)
(1 0.145 0.1666666667)
(0 0.15 0.1666666667)
(1 0.15 0.1666666667)
(0 0.155 0.1666666667)
(1 0.155 0.1666666667)
(0 0.16 0.1666666667)
(1 0.16 0.1666666667)
(0 0.165 0.1666666667)
(1 0.165 0.1666666667)
(0 0.17 0.1666666667)
(1 0.17 0.1666666667)
(0 0.175 0.1666666667)
(1 0.175 0.1666666667)
(0 0.18 0.1666666667)
(1 0.18 0.1666666667)
(0 0.185 0.1666666667)
(1 0.185 0.1666666667)
(0 0.19 0.1666666667)
(1 0.19 0.1666666667)
(0 0.195 0.1666666667)
(1 0.195 0.1666666667)
(0 0.2 0.1666666667)
(1 0.2 0.1666666667)
(0 0.205 0.1666666667)
(1 0.205 0.1666666667)
(0 0.21 0.1666666667)
(1 0.21 0.1666666667)
(0 0.215 0.1666666667)
(1 0.215 0.1666666667)
(0 0.22 0.1666666667)
(1 0.22 0.1666666667)
(0 0.225 0.1666666667)
(1 0.225 0.1666666667)
(0 0.23 0.1666666667)
(1 0.23 0.1666666667)
(0 0.235 0.1666666667)
(1 0.235 0.1666666667)
(0 0.24 0.1666666667)
(1 0.24 0.1666666667)
(0 0.245 0.1666666667)
(1 0.245 0.1666666667)
(0 0.25 0.1666666667)
(1 0.25 0.1666666667)
(0 0.255 0.1666666667)
(1 0.255 0.1666666667)
(0 0.26 0.1666666667)
(1 0.26 0.1666666667)
(0 0.265 0.1666666667)
(1 0.265 0.1666666667)
(0 0.27 0.1666666667)
(1 0.27 0.1666666667)
(0 0.275 0.1666666667)
(1 0.275 0.1666666667)
(0 0.28 0.1666666667)
(1 0.28 0.1666666667)
(0 0.285 0.1666666667)
(1 0.285 0.1666666667)
(0 0.29 0.1666666667)
(1 0.29 0.1666666667)
(0 0.295 0.1666666667)
(1 0.295 0.1666666667)
(0 0.3 0.1666666667)
(1 0.3 0.1666666667)
(0 0.305 0.1666666667)
(1 0.305 0.1666666667)
(0 0.31 0.1666666667)
(1 0.31 0.1666666667)
(0 0.315 0.1666666667)
(1 0.315 0.1666666667)
(0 0.32 0.1666666667)
(1 0.32 0.1666666667)
(0 0.325 0.1666666667)
(1 0.325 0.1666666667)
(0 0.33 0.1666666667)
(1 0.33 0.1666666667)
(0 0.335 0.1666666667)
(1 0.335 0.1666666667)
(0 0.34 0.1666666667)
(1 0.34 0.1666666667)
(0 0.345 0.1666666667)
(1 0.345 0.1666666667)
(0 0.35 0.1666666667)
(1 0.35 0.1666666667)
(0 0.355 0.1666666667)
(1 0.355 0.1666666667)
(0 0.36 0.1666666667)
(1 0.36 0.1666666667)
(0 0 0.1833333333)
(1 0 0.1833333333)
(0 0.005 0.1833333333)
(1 0.005 0.1833333333)
(0 0.01 0.1833333333)
(1 0.01 0.1833333333)
(0 0.015 0.1833333333)
(1 0.015 0.1833333333)
(0 0.02 0.1833333333)
(1 0.02 0.1833333333)
(0 0.025 0.1833333333)
(1 0.025 0.1833333333)
(0 0.03 0.1833333333)
(1 0.03 0.1833333333)
(0 0.035 0.1833333333)
(1 0.035 0.1833333333)
(0 0.04 0.1833333333)
(1 0.04 0.1833333333)
(0 0.045 0.1833333333)
(1 0.045 0.1833333333)
(0 0.05 0.1833333333)
(1 0.05 0.1833333333)
(0 0.055 0.1833333333)
(1 0.055 0.1833333333)
(0 0.06 0.1833333333)
(1 0.06 0.1833333333)
(0 0.065 0.1833333333)
(1 0.065 0.1833333333)
(0 0.07 0.1833333333)
(1 0.07 0.1833333333)
(0 0.075 0.1833333333)
(1 0.075 0.1833333333)
(0 0.08 0.1833333333)
(1 0.08 0.1833333333)
(0 0.085 0.1833333333)
(1 0.085 0.1833333333)
(0 0.09 0.1833333333)
(1 0.09 0.1833333333)
(0 0.095 0.1833333333)
(1 0.095 0.1833333333)
(0 0.1 0.1833333333)
(1 0.1 0.1833333333)
(0 0.105 0.1833333333)
(1 0.105 0.1833333333)
(0 0.11 0.1833333333)
(1 0.11 0.1833333333)
(0 0.115 0.1833333333)
(1 0.115 0.1833333333)
(0 0.12 0.1833333333)
(1 0.12 0.1833333333)
(0 0.125 0.1833333333)
(1 0.125 0.1833333333)
(0 0.13 0.1833333333)
(1 0.13 0.1833333333)
(0 0.135 0.1833333333)
(1 0.135 0.1833333333)
(0 0.14 0.1833333333)
(1 0.14 0.1833333333)
(0 0.145 0.1833333333)
(1 0.145 0.1833333333)
(0 0.15 0.1833333333)
(1 0.15 0.1833333333)
(0 0.155 0.1833333333)
(1 0.155 0.1833333333)
(0 0.16 0.1833333333)
(1 0.16 0.1833333333)
(0 0.165 0.1833333333)
(1 0.165 0.1833333333)
(0 0.17 0.1833333333)
(1 0.17 0.1833333333)
(0 0.175 0.1833333333)
(1 0.175 0.1833333333)
(0 0.18 0.1833333333)
(1 0.18 0.1833333333)
(0 0.185 0.1833333333)
(1 0.185 0.1833333333)
(0 0.19 0.1833333333)
(1 0.19 0.1833333333)
(0 0.195 0.1833333333)
(1 0.195 0.1833333333)
(0 0.2 0.1833333333)
(1 0.2 0.1833333333)
(0 0.205 0.1833333333)
(1 0.205 0.1833333333)
(0 0.21 0.1833333333)
(1 0.21 0.1833333333)
(0 0.215 0.1833333333)
(1 0.215 0.1833333333)
(0 0.22 0.1833333333)
(1 0.22 0.1833333333)
(0 0.225 0.1833333333)
(1 0.225 0.1833333333)
(0 0.23 0.1833333333)
(1 0.23 0.1833333333)
(0 0.235 0.1833333333)
(1 0.235 0.1833333333)
(0 0.24 0.1833333333)
(1 0.24 0.1833333333)
(0 0.245 0.1833333333)
(1 0.245 0.1833333333)
(0 0.25 0.1833333333)
(1 0.25 0.1833333333)
(0 0.255 0.1833333333)
(1 0.255 0.1833333333)
(0 0.26 0.1833333333)
(1 0.26 0.1833333333)
(0 0.265 0.1833333333)
(1 0.265 0.1833333333)
(0 0.27 0.1833333333)
(1 0.27 0.1833333333)
(0 0.275 0.1833333333)
(1 0.275 0.1833333333)
(0 0.28 0.1833333333)
(1 0.28 0.1833333333)
(0 0.285 0.1833333333)
(1 0.285 0.1833333333)
(0 0.29 0.1833333333)
(1 0.29 0.1833333333)
(0 0.295 0.1833333333)
(1 0.295 0.1833333333)
(0 0.3 0.1833333333)
(1 0.3 0.1833333333)
(0 0.305 0.1833333333)
(1 0.305 0.1833333333)
(0 0.31 0.1833333333)
(1 0.31 0.1833333333)
(0 0.315 0.1833333333)
(1 0.315 0.1833333333)
(0 0.32 0.1833333333)
(1 0.32 0.1833333333)
(0 0.325 0.1833333333)
(1 0.325 0.1833333333)
(0 0.33 0.1833333333)
(1 0.33 0.1833333333)
(0 0.335 0.1833333333)
(1 0.335 0.1833333333)
(0 0.34 0.1833333333)
(1 0.34 0.1833333333)
(0 0.345 0.1833333333)
(1 0.345 0.1833333333)
(0 0.35 0.1833333333)
(1 0.35 0.1833333333)
(0 0.355 0.1833333333)
(1 0.355 0.1833333333)
(0 0.36 0.1833333333)
(1 0.36 0.1833333333)
(0 0 0.2)
(1 0 0.2)
(0 0.005 0.2)
(1 0.005 0.2)
(0 0.01 0.2)
(1 0.01 0.2)
(0 0.015 0.2)
(1 0.015 0.2)
(0 0.02 0.2)
(1 0.02 0.2)
(0 0.025 0.2)
(1 0.025 0.2)
(0 0.03 0.2)
(1 0.03 0.2)
(0 0.035 0.2)
(1 0.035 0.2)
(0 0.04 0.2)
(1 0.04 0.2)
(0 0.045 0.2)
(1 0.045 0.2)
(0 0.05 0.2)
(1 0.05 0.2)
(0 0.055 0.2)
(1 0.055 0.2)
(0 0.06 0.2)
(1 0.06 0.2)
(0 0.065 0.2)
(1 0.065 0.2)
(0 0.07 0.2)
(1 0.07 0.2)
(0 0.075 0.2)
(1 0.075 0.2)
(0 0.08 0.2)
(1 0.08 0.2)
(0 0.085 0.2)
(1 0.085 0.2)
(0 0.09 0.2)
(1 0.09 0.2)
(0 0.095 0.2)
(1 0.095 0.2)
(0 0.1 0.2)
(1 0.1 0.2)
(0 0.105 0.2)
(1 0.105 0.2)
(0 0.11 0.2)
(1 0.11 0.2)
(0 0.115 0.2)
(1 0.115 0.2)
(0 0.12 0.2)
(1 0.12 0.2)
(0 0.125 0.2)
(1 0.125 0.2)
(0 0.13 0.2)
(1 0.13 0.2)
(0 0.135 0.2)
(1 0.135 0.2)
(0 0.14 0.2)
(1 0.14 0.2)
(0 0.145 0.2)
(1 0.145 0.2)
(0 0.15 0.2)
(1 0.15 0.2)
(0 0.155 0.2)
(1 0.155 0.2)
(0 0.16 0.2)
(1 0.16 0.2)
(0 0.165 0.2)
(1 0.165 0.2)
(0 0.17 0.2)
(1 0.17 0.2)
(0 0.175 0.2)
(1 0.175 0.2)
(0 0.18 0.2)
(1 0.18 0.2)
(0 0.185 0.2)
(1 0.185 0.2)
(0 0.19 0.2)
(1 0.19 0.2)
(0 0.195 0.2)
(1 0.195 0.2)
(0 0.2 0.2)
(1 0.2 0.2)
(0 0.205 0.2)
(1 0.205 0.2)
(0 0.21 0.2)
(1 0.21 0.2)
(0 0.215 0.2)
(1 0.215 0.2)
(0 0.22 0.2)
(1 0.22 0.2)
(0 0.225 0.2)
(1 0.225 0.2)
(0 0.23 0.2)
(1 0.23 0.2)
(0 0.235 0.2)
(1 0.235 0.2)
(0 0.24 0.2)
(1 0.24 0.2)
(0 0.245 0.2)
(1 0.245 0.2)
(0 0.25 0.2)
(1 0.25 0.2)
(0 0.255 0.2)
(1 0.255 0.2)
(0 0.26 0.2)
(1 0.26 0.2)
(0 0.265 0.2)
(1 0.265 0.2)
(0 0.27 0.2)
(1 0.27 0.2)
(0 0.275 0.2)
(1 0.275 0.2)
(0 0.28 0.2)
(1 0.28 0.2)
(0 0.285 0.2)
(1 0.285 0.2)
(0 0.29 0.2)
(1 0.29 0.2)
(0 0.295 0.2)
(1 0.295 0.2)
(0 0.3 0.2)
(1 0.3 0.2)
(0 0.305 0.2)
(1 0.305 0.2)
(0 0.31 0.2)
(1 0.31 0.2)
(0 0.315 0.2)
(1 0.315 0.2)
(0 0.32 0.2)
(1 0.32 0.2)
(0 0.325 0.2)
(1 0.325 0.2)
(0 0.33 0.2)
(1 0.33 0.2)
(0 0.335 0.2)
(1 0.335 0.2)
(0 0.34 0.2)
(1 0.34 0.2)
(0 0.345 0.2)
(1 0.345 0.2)
(0 0.35 0.2)
(1 0.35 0.2)
(0 0.355 0.2)
(1 0.355 0.2)
(0 0.36 0.2)
(1 0.36 0.2)
(0 0 0.2166666667)
(1 0 0.2166666667)
(0 0.005 0.2166666667)
(1 0.005 0.2166666667)
(0 0.01 0.2166666667)
(1 0.01 0.2166666667)
(0 0.015 0.2166666667)
(1 0.015 0.2166666667)
(0 0.02 0.2166666667)
(1 0.02 0.2166666667)
(0 0.025 0.2166666667)
(1 0.025 0.2166666667)
(0 0.03 0.2166666667)
(1 0.03 0.2166666667)
(0 0.035 0.2166666667)
(1 0.035 0.2166666667)
(0 0.04 0.2166666667)
(1 0.04 0.2166666667)
(0 0.045 0.2166666667)
(1 0.045 0.2166666667)
(0 0.05 0.2166666667)
(1 0.05 0.2166666667)
(0 0.055 0.2166666667)
(1 0.055 0.2166666667)
(0 0.06 0.2166666667)
(1 0.06 0.2166666667)
(0 0.065 0.2166666667)
(1 0.065 0.2166666667)
(0 0.07 0.2166666667)
(1 0.07 0.2166666667)
(0 0.075 0.2166666667)
(1 0.075 0.2166666667)
(0 0.08 0.2166666667)
(1 0.08 0.2166666667)
(0 0.085 0.2166666667)
(1 0.085 0.2166666667)
(0 0.09 0.2166666667)
(1 0.09 0.2166666667)
(0 0.095 0.2166666667)
(1 0.095 0.2166666667)
(0 0.1 0.2166666667)
(1 0.1 0.2166666667)
(0 0.105 0.2166666667)
(1 0.105 0.2166666667)
(0 0.11 0.2166666667)
(1 0.11 0.2166666667)
(0 0.115 0.2166666667)
(1 0.115 0.2166666667)
(0 0.12 0.2166666667)
(1 0.12 0.2166666667)
(0 0.125 0.2166666667)
(1 0.125 0.2166666667)
(0 0.13 0.2166666667)
(1 0.13 0.2166666667)
(0 0.135 0.2166666667)
(1 0.135 0.2166666667)
(0 0.14 0.2166666667)
(1 0.14 0.2166666667)
(0 0.145 0.2166666667)
(1 0.145 0.2166666667)
(0 0.15 0.2166666667)
(1 0.15 0.2166666667)
(0 0.155 0.2166666667)
(1 0.155 0.2166666667)
(0 0.16 0.2166666667)
(1 0.16 0.2166666667)
(0 0.165 0.2166666667)
(1 0.165 0.2166666667)
(0 0.17 0.2166666667)
(1 0.17 0.2166666667)
(0 0.175 0.2166666667)
(1 0.175 0.2166666667)
(0 0.18 0.2166666667)
(1 0.18 0.2166666667)
(0 0.185 0.2166666667)
(1 0.185 0.2166666667)
(0 0.19 0.2166666667)
(1 0.19 0.2166666667)
(0 0.195 0.2166666667)
(1 0.195 0.2166666667)
(0 0.2 0.2166666667)
(1 0.2 0.2166666667)
(0 0.205 0.2166666667)
(1 0.205 0.2166666667)
(0 0.21 0.2166666667)
(1 0.21 0.2166666667)
(0 0.215 0.2166666667)
(1 0.215 0.2166666667)
(0 0.22 0.2166666667)
(1 0.22 0.2166666667)
(0 0.225 0.2166666667)
(1 0.225 0.2166666667)
(0 0.23 0.2166666667)
(1 0.23 0.2166666667)
(0 0.235 0.2166666667)
(1 0.235 0.2166666667)
(0 0.24 0.2166666667)
(1 0.24 0.2166666667)
(0 0.245 0.2166666667)
(1 0.245 0.2166666667)
(0 0.25 0.2166666667)
(1 0.25 0.2166666667)
(0 0.255 0.2166666667)
(1 0.255 0.2166666667)
(0 0.26 0.2166666667)
(1 0.26 0.2166666667)
(0 0.265 0.2166666667)
(1 0.265 0.2166666667)
(0 0.27 0.2166666667)
(1 0.27 0.2166666667)
(0 0.275 0.2166666667)
(1 0.275 0.2166666667)
(0 0.28 0.2166666667)
(1 0.28 0.2166666667)
(0 0.285 0.2166666667)
(1 0.285 0.2166666667)
(0 0.29 0.2166666667)
(1 0.29 0.2166666667)
(0 0.295 0.2166666667)
(1 0.295 0.2166666667)
(0 0.3 0.2166666667)
(1 0.3 0.2166666667)
(0 0.305 0.2166666667)
(1 0.305 0.2166666667)
(0 0.31 0.2166666667)
(1 0.31 0.2166666667)
(0 0.315 0.2166666667)
(1 0.315 0.2166666667)
(0 0.32 0.2166666667)
(1 0.32 0.2166666667)
(0 0.325 0.2166666667)
(1 0.325 0.2166666667)
(0 0.33 0.2166666667)
(1 0.33 0.2166666667)
(0 0.335 0.2166666667)
(1 0.335 0.2166666667)
(0 0.34 0.2166666667)
(1 0.34 0.2166666667)
(0 0.345 0.2166666667)
(1 0.345 0.2166666667)
(0 0.35 0.2166666667)
(1 0.35 0.2166666667)
(0 0.355 0.2166666667)
(1 0.355 0.2166666667)
(0 0.36 0.2166666667)
(1 0.36 0.2166666667)
(0 0 0.2333333333)
(1 0 0.2333333333)
(0 0.005 0.2333333333)
(1 0.005 0.2333333333)
(0 0.01 0.2333333333)
(1 0.01 0.2333333333)
(0 0.015 0.2333333333)
(1 0.015 0.2333333333)
(0 0.02 0.2333333333)
(1 0.02 0.2333333333)
(0 0.025 0.2333333333)
(1 0.025 0.2333333333)
(0 0.03 0.2333333333)
(1 0.03 0.2333333333)
(0 0.035 0.2333333333)
(1 0.035 0.2333333333)
(0 0.04 0.2333333333)
(1 0.04 0.2333333333)
(0 0.045 0.2333333333)
(1 0.045 0.2333333333)
(0 0.05 0.2333333333)
(1 0.05 0.2333333333)
(0 0.055 0.2333333333)
(1 0.055 0.2333333333)
(0 0.06 0.2333333333)
(1 0.06 0.2333333333)
(0 0.065 0.2333333333)
(1 0.065 0.2333333333)
(0 0.07 0.2333333333)
(1 0.07 0.2333333333)
(0 0.075 0.2333333333)
(1 0.075 0.2333333333)
(0 0.08 0.2333333333)
(1 0.08 0.2333333333)
(0 0.085 0.2333333333)
(1 0.085 0.2333333333)
(0 0.09 0.2333333333)
(1 0.09 0.2333333333)
(0 0.095 0.2333333333)
(1 0.095 0.2333333333)
(0 0.1 0.2333333333)
(1 0.1 0.2333333333)
(0 0.105 0.2333333333)
(1 0.105 0.2333333333)
(0 0.11 0.2333333333)
(1 0.11 0.2333333333)
(0 0.115 0.2333333333)
(1 0.115 0.2333333333)
(0 0.12 0.2333333333)
(1 0.12 0.2333333333)
(0 0.125 0.2333333333)
(1 0.125 0.2333333333)
(0 0.13 0.2333333333)
(1 0.13 0.2333333333)
(0 0.135 0.2333333333)
(1 0.135 0.2333333333)
(0 0.14 0.2333333333)
(1 0.14 0.2333333333)
(0 0.145 0.2333333333)
(1 0.145 0.2333333333)
(0 0.15 0.2333333333)
(1 0.15 0.2333333333)
(0 0.155 0.2333333333)
(1 0.155 0.2333333333)
(0 0.16 0.2333333333)
(1 0.16 0.2333333333)
(0 0.165 0.2333333333)
(1 0.165 0.2333333333)
(0 0.17 0.2333333333)
(1 0.17 0.2333333333)
(0 0.175 0.2333333333)
(1 0.175 0.2333333333)
(0 0.18 0.2333333333)
(1 0.18 0.2333333333)
(0 0.185 0.2333333333)
(1 0.185 0.2333333333)
(0 0.19 0.2333333333)
(1 0.19 0.2333333333)
(0 0.195 0.2333333333)
(1 0.195 0.2333333333)
(0 0.2 0.2333333333)
(1 0.2 0.2333333333)
(0 0.205 0.2333333333)
(1 0.205 0.2333333333)
(0 0.21 0.2333333333)
(1 0.21 0.2333333333)
(0 0.215 0.2333333333)
(1 0.215 0.2333333333)
(0 0.22 0.2333333333)
(1 0.22 0.2333333333)
(0 0.225 0.2333333333)
(1 0.225 0.2333333333)
(0 0.23 0.2333333333)
(1 0.23 0.2333333333)
(0 0.235 0.2333333333)
(1 0.235 0.2333333333)
(0 0.24 0.2333333333)
(1 0.24 0.2333333333)
(0 0.245 0.2333333333)
(1 0.245 0.2333333333)
(0 0.25 0.2333333333)
(1 0.25 0.2333333333)
(0 0.255 0.2333333333)
(1 0.255 0.2333333333)
(0 0.26 0.2333333333)
(1 0.26 0.2333333333)
(0 0.265 0.2333333333)
(1 0.265 0.2333333333)
(0 0.27 0.2333333333)
(1 0.27 0.2333333333)
(0 0.275 0.2333333333)
(1 0.275 0.2333333333)
(0 0.28 0.2333333333)
(1 0.28 0.2333333333)
(0 0.285 0.2333333333)
(1 0.285 0.2333333333)
(0 0.29 0.2333333333)
(1 0.29 0.2333333333)
(0 0.295 0.2333333333)
(1 0.295 0.2333333333)
(0 0.3 0.2333333333)
(1 0.3 0.2333333333)
(0 0.305 0.2333333333)
(1 0.305 0.2333333333)
(0 0.31 0.2333333333)
(1 0.31 0.2333333333)
(0 0.315 0.2333333333)
(1 0.315 0.2333333333)
(0 0.32 0.2333333333)
(1 0.32 0.2333333333)
(0 0.325 0.2333333333)
(1 0.325 0.2333333333)
(0 0.33 0.2333333333)
(1 0.33 0.2333333333)
(0 0.335 0.2333333333)
(1 0.335 0.2333333333)
(0 0.34 0.2333333333)
(1 0.34 0.2333333333)
(0 0.345 0.2333333333)
(1 0.345 0.2333333333)
(0 0.35 0.2333333333)
(1 0.35 0.2333333333)
(0 0.355 0.2333333333)
(1 0.355 0.2333333333)
(0 0.36 0.2333333333)
(1 0.36 0.2333333333)
(0 0 0.25)
(1 0 0.25)
(0 0.005 0.25)
(1 0.005 0.25)
(0 0.01 0.25)
(1 0.01 0.25)
(0 0.015 0.25)
(1 0.015 0.25)
(0 0.02 0.25)
(1 0.02 0.25)
(0 0.025 0.25)
(1 0.025 0.25)
(0 0.03 0.25)
(1 0.03 0.25)
(0 0.035 0.25)
(1 0.035 0.25)
(0 0.04 0.25)
(1 0.04 0.25)
(0 0.045 0.25)
(1 0.045 0.25)
(0 0.05 0.25)
(1 0.05 0.25)
(0 0.055 0.25)
(1 0.055 0.25)
(0 0.06 0.25)
(1 0.06 0.25)
(0 0.065 0.25)
(1 0.065 0.25)
(0 0.07 0.25)
(1 0.07 0.25)
(0 0.075 0.25)
(1 0.075 0.25)
(0 0.08 0.25)
(1 0.08 0.25)
(0 0.085 0.25)
(1 0.085 0.25)
(0 0.09 0.25)
(1 0.09 0.25)
(0 0.095 0.25)
(1 0.095 0.25)
(0 0.1 0.25)
(1 0.1 0.25)
(0 0.105 0.25)
(1 0.105 0.25)
(0 0.11 0.25)
(1 0.11 0.25)
(0 0.115 0.25)
(1 0.115 0.25)
(0 0.12 0.25)
(1 0.12 0.25)
(0 0.125 0.25)
(1 0.125 0.25)
(0 0.13 0.25)
(1 0.13 0.25)
(0 0.135 0.25)
(1 0.135 0.25)
(0 0.14 0.25)
(1 0.14 0.25)
(0 0.145 0.25)
(1 0.145 0.25)
(0 0.15 0.25)
(1 0.15 0.25)
(0 0.155 0.25)
(1 0.155 0.25)
(0 0.16 0.25)
(1 0.16 0.25)
(0 0.165 0.25)
(1 0.165 0.25)
(0 0.17 0.25)
(1 0.17 0.25)
(0 0.175 0.25)
(1 0.175 0.25)
(0 0.18 0.25)
(1 0.18 0.25)
(0 0.185 0.25)
(1 0.185 0.25)
(0 0.19 0.25)
(1 0.19 0.25)
(0 0.195 0.25)
(1 0.195 0.25)
(0 0.2 0.25)
(1 0.2 0.25)
(0 0.205 0.25)
(1 0.205 0.25)
(0 0.21 0.25)
(1 0.21 0.25)
(0 0.215 0.25)
(1 0.215 0.25)
(0 0.22 0.25)
(1 0.22 0.25)
(0 0.225 0.25)
(1 0.225 0.25)
(0 0.23 0.25)
(1 0.23 0.25)
(0 0.235 0.25)
(1 0.235 0.25)
(0 0.24 0.25)
(1 0.24 0.25)
(0 0.245 0.25)
(1 0.245 0.25)
(0 0.25 0.25)
(1 0.25 0.25)
(0 0.255 0.25)
(1 0.255 0.25)
(0 0.26 0.25)
(1 0.26 0.25)
(0 0.265 0.25)
(1 0.265 0.25)
(0 0.27 0.25)
(1 0.27 0.25)
(0 0.275 0.25)
(1 0.275 0.25)
(0 0.28 0.25)
(1 0.28 0.25)
(0 0.285 0.25)
(1 0.285 0.25)
(0 0.29 0.25)
(1 0.29 0.25)
(0 0.295 0.25)
(1 0.295 0.25)
(0 0.3 0.25)
(1 0.3 0.25)
(0 0.305 0.25)
(1 0.305 0.25)
(0 0.31 0.25)
(1 0.31 0.25)
(0 0.315 0.25)
(1 0.315 0.25)
(0 0.32 0.25)
(1 0.32 0.25)
(0 0.325 0.25)
(1 0.325 0.25)
(0 0.33 0.25)
(1 0.33 0.25)
(0 0.335 0.25)
(1 0.335 0.25)
(0 0.34 0.25)
(1 0.34 0.25)
(0 0.345 0.25)
(1 0.345 0.25)
(0 0.35 0.25)
(1 0.35 0.25)
(0 0.355 0.25)
(1 0.355 0.25)
(0 0.36 0.25)
(1 0.36 0.25)
(0 0 0.2666666667)
(1 0 0.2666666667)
(0 0.005 0.2666666667)
(1 0.005 0.2666666667)
(0 0.01 0.2666666667)
(1 0.01 0.2666666667)
(0 0.015 0.2666666667)
(1 0.015 0.2666666667)
(0 0.02 0.2666666667)
(1 0.02 0.2666666667)
(0 0.025 0.2666666667)
(1 0.025 0.2666666667)
(0 0.03 0.2666666667)
(1 0.03 0.2666666667)
(0 0.035 0.2666666667)
(1 0.035 0.2666666667)
(0 0.04 0.2666666667)
(1 0.04 0.2666666667)
(0 0.045 0.2666666667)
(1 0.045 0.2666666667)
(0 0.05 0.2666666667)
(1 0.05 0.2666666667)
(0 0.055 0.2666666667)
(1 0.055 0.2666666667)
(0 0.06 0.2666666667)
(1 0.06 0.2666666667)
(0 0.065 0.2666666667)
(1 0.065 0.2666666667)
(0 0.07 0.2666666667)
(1 0.07 0.2666666667)
(0 0.075 0.2666666667)
(1 0.075 0.2666666667)
(0 0.08 0.2666666667)
(1 0.08 0.2666666667)
(0 0.085 0.2666666667)
(1 0.085 0.2666666667)
(0 0.09 0.2666666667)
(1 0.09 0.2666666667)
(0 0.095 0.2666666667)
(1 0.095 0.2666666667)
(0 0.1 0.2666666667)
(1 0.1 0.2666666667)
(0 0.105 0.2666666667)
(1 0.105 0.2666666667)
(0 0.11 0.2666666667)
(1 0.11 0.2666666667)
(0 0.115 0.2666666667)
(1 0.115 0.2666666667)
(0 0.12 0.2666666667)
(1 0.12 0.2666666667)
(0 0.125 0.2666666667)
(1 0.125 0.2666666667)
(0 0.13 0.2666666667)
(1 0.13 0.2666666667)
(0 0.135 0.2666666667)
(1 0.135 0.2666666667)
(0 0.14 0.2666666667)
(1 0.14 0.2666666667)
(0 0.145 0.2666666667)
(1 0.145 0.2666666667)
(0 0.15 0.2666666667)
(1 0.15 0.2666666667)
(0 0.155 0.2666666667)
(1 0.155 0.2666666667)
(0 0.16 0.2666666667)
(1 0.16 0.2666666667)
(0 0.165 0.2666666667)
(1 0.165 0.2666666667)
(0 0.17 0.2666666667)
(1 0.17 0.2666666667)
(0 0.175 0.2666666667)
(1 0.175 0.2666666667)
(0 0.18 0.2666666667)
(1 0.18 0.2666666667)
(0 0.185 0.2666666667)
(1 0.185 0.2666666667)
(0 0.19 0.2666666667)
(1 0.19 0.2666666667)
(0 0.195 0.2666666667)
(1 0.195 0.2666666667)
(0 0.2 0.2666666667)
(1 0.2 0.2666666667)
(0 0.205 0.2666666667)
(1 0.205 0.2666666667)
(0 0.21 0.2666666667)
(1 0.21 0.2666666667)
(0 0.215 0.2666666667)
(1 0.215 0.2666666667)
(0 0.22 0.2666666667)
(1 0.22 0.2666666667)
(0 0.225 0.2666666667)
(1 0.225 0.2666666667)
(0 0.23 0.2666666667)
(1 0.23 0.2666666667)
(0 0.235 0.2666666667)
(1 0.235 0.2666666667)
(0 0.24 0.2666666667)
(1 0.24 0.2666666667)
(0 0.245 0.2666666667)
(1 0.245 0.2666666667)
(0 0.25 0.2666666667)
(1 0.25 0.2666666667)
(0 0.255 0.2666666667)
(1 0.255 0.2666666667)
(0 0.26 0.2666666667)
(1 0.26 0.2666666667)
(0 0.265 0.2666666667)
(1 0.265 0.2666666667)
(0 0.27 0.2666666667)
(1 0.27 0.2666666667)
(0 0.275 0.2666666667)
(1 0.275 0.2666666667)
(0 0.28 0.2666666667)
(1 0.28 0.2666666667)
(0 0.285 0.2666666667)
(1 0.285 0.2666666667)
(0 0.29 0.2666666667)
(1 0.29 0.2666666667)
(0 0.295 0.2666666667)
(1 0.295 0.2666666667)
(0 0.3 0.2666666667)
(1 0.3 0.2666666667)
(0 0.305 0.2666666667)
(1 0.305 0.2666666667)
(0 0.31 0.2666666667)
(1 0.31 0.2666666667)
(0 0.315 0.2666666667)
(1 0.315 0.2666666667)
(0 0.32 0.2666666667)
(1 0.32 0.2666666667)
(0 0.325 0.2666666667)
(1 0.325 0.2666666667)
(0 0.33 0.2666666667)
(1 0.33 0.2666666667)
(0 0.335 0.2666666667)
(1 0.335 0.2666666667)
(0 0.34 0.2666666667)
(1 0.34 0.2666666667)
(0 0.345 0.2666666667)
(1 0.345 0.2666666667)
(0 0.35 0.2666666667)
(1 0.35 0.2666666667)
(0 0.355 0.2666666667)
(1 0.355 0.2666666667)
(0 0.36 0.2666666667)
(1 0.36 0.2666666667)
(0 0 0.2833333333)
(1 0 0.2833333333)
(0 0.005 0.2833333333)
(1 0.005 0.2833333333)
(0 0.01 0.2833333333)
(1 0.01 0.2833333333)
(0 0.015 0.2833333333)
(1 0.015 0.2833333333)
(0 0.02 0.2833333333)
(1 0.02 0.2833333333)
(0 0.025 0.2833333333)
(1 0.025 0.2833333333)
(0 0.03 0.2833333333)
(1 0.03 0.2833333333)
(0 0.035 0.2833333333)
(1 0.035 0.2833333333)
(0 0.04 0.2833333333)
(1 0.04 0.2833333333)
(0 0.045 0.2833333333)
(1 0.045 0.2833333333)
(0 0.05 0.2833333333)
(1 0.05 0.2833333333)
(0 0.055 0.2833333333)
(1 0.055 0.2833333333)
(0 0.06 0.2833333333)
(1 0.06 0.2833333333)
(0 0.065 0.2833333333)
(1 0.065 0.2833333333)
(0 0.07 0.2833333333)
(1 0.07 0.2833333333)
(0 0.075 0.2833333333)
(1 0.075 0.2833333333)
(0 0.08 0.2833333333)
(1 0.08 0.2833333333)
(0 0.085 0.2833333333)
(1 0.085 0.2833333333)
(0 0.09 0.2833333333)
(1 0.09 0.2833333333)
(0 0.095 0.2833333333)
(1 0.095 0.2833333333)
(0 0.1 0.2833333333)
(1 0.1 0.2833333333)
(0 0.105 0.2833333333)
(1 0.105 0.2833333333)
(0 0.11 0.2833333333)
(1 0.11 0.2833333333)
(0 0.115 0.2833333333)
(1 0.115 0.2833333333)
(0 0.12 0.2833333333)
(1 0.12 0.2833333333)
(0 0.125 0.2833333333)
(1 0.125 0.2833333333)
(0 0.13 0.2833333333)
(1 0.13 0.2833333333)
(0 0.135 0.2833333333)
(1 0.135 0.2833333333)
(0 0.14 0.2833333333)
(1 0.14 0.2833333333)
(0 0.145 0.2833333333)
(1 0.145 0.2833333333)
(0 0.15 0.2833333333)
(1 0.15 0.2833333333)
(0 0.155 0.2833333333)
(1 0.155 0.2833333333)
(0 0.16 0.2833333333)
(1 0.16 0.2833333333)
(0 0.165 0.2833333333)
(1 0.165 0.2833333333)
(0 0.17 0.2833333333)
(1 0.17 0.2833333333)
(0 0.175 0.2833333333)
(1 0.175 0.2833333333)
(0 0.18 0.2833333333)
(1 0.18 0.2833333333)
(0 0.185 0.2833333333)
(1 0.185 0.2833333333)
(0 0.19 0.2833333333)
(1 0.19 0.2833333333)
(0 0.195 0.2833333333)
(1 0.195 0.2833333333)
(0 0.2 0.2833333333)
(1 0.2 0.2833333333)
(0 0.205 0.2833333333)
(1 0.205 0.2833333333)
(0 0.21 0.2833333333)
(1 0.21 0.2833333333)
(0 0.215 0.2833333333)
(1 0.215 0.2833333333)
(0 0.22 0.2833333333)
(1 0.22 0.2833333333)
(0 0.225 0.2833333333)
(1 0.225 0.2833333333)
(0 0.23 0.2833333333)
(1 0.23 0.2833333333)
(0 0.235 0.2833333333)
(1 0.235 0.2833333333)
(0 0.24 0.2833333333)
(1 0.24 0.2833333333)
(0 0.245 0.2833333333)
(1 0.245 0.2833333333)
(0 0.25 0.2833333333)
(1 0.25 0.2833333333)
(0 0.255 0.2833333333)
(1 0.255 0.2833333333)
(0 0.26 0.2833333333)
(1 0.26 0.2833333333)
(0 0.265 0.2833333333)
(1 0.265 0.2833333333)
(0 0.27 0.2833333333)
(1 0.27 0.2833333333)
(0 0.275 0.2833333333)
(1 0.275 0.2833333333)
(0 0.28 0.2833333333)
(1 0.28 0.2833333333)
(0 0.285 0.2833333333)
(1 0.285 0.2833333333)
(0 0.29 0.2833333333)
(1 0.29 0.2833333333)
(0 0.295 0.2833333333)
(1 0.295 0.2833333333)
(0 0.3 0.2833333333)
(1 0.3 0.2833333333)
(0 0.305 0.2833333333)
(1 0.305 0.2833333333)
(0 0.31 0.2833333333)
(1 0.31 0.2833333333)
(0 0.315 0.2833333333)
(1 0.315 0.2833333333)
(0 0.32 0.2833333333)
(1 0.32 0.2833333333)
(0 0.325 0.2833333333)
(1 0.325 0.2833333333)
(0 0.33 0.2833333333)
(1 0.33 0.2833333333)
(0 0.335 0.2833333333)
(1 0.335 0.2833333333)
(0 0.34 0.2833333333)
(1 0.34 0.2833333333)
(0 0.345 0.2833333333)
(1 0.345 0.2833333333)
(0 0.35 0.2833333333)
(1 0.35 0.2833333333)
(0 0.355 0.2833333333)
(1 0.355 0.2833333333)
(0 0.36 0.2833333333)
(1 0.36 0.2833333333)
(0 0 0.3)
(1 0 0.3)
(0 0.005 0.3)
(1 0.005 0.3)
(0 0.01 0.3)
(1 0.01 0.3)
(0 0.015 0.3)
(1 0.015 0.3)
(0 0.02 0.3)
(1 0.02 0.3)
(0 0.025 0.3)
(1 0.025 0.3)
(0 0.03 0.3)
(1 0.03 0.3)
(0 0.035 0.3)
(1 0.035 0.3)
(0 0.04 0.3)
(1 0.04 0.3)
(0 0.045 0.3)
(1 0.045 0.3)
(0 0.05 0.3)
(1 0.05 0.3)
(0 0.055 0.3)
(1 0.055 0.3)
(0 0.06 0.3)
(1 0.06 0.3)
(0 0.065 0.3)
(1 0.065 0.3)
(0 0.07 0.3)
(1 0.07 0.3)
(0 0.075 0.3)
(1 0.075 0.3)
(0 0.08 0.3)
(1 0.08 0.3)
(0 0.085 0.3)
(1 0.085 0.3)
(0 0.09 0.3)
(1 0.09 0.3)
(0 0.095 0.3)
(1 0.095 0.3)
(0 0.1 0.3)
(1 0.1 0.3)
(0 0.105 0.3)
(1 0.105 0.3)
(0 0.11 0.3)
(1 0.11 0.3)
(0 0.115 0.3)
(1 0.115 0.3)
(0 0.12 0.3)
(1 0.12 0.3)
(0 0.125 0.3)
(1 0.125 0.3)
(0 0.13 0.3)
(1 0.13 0.3)
(0 0.135 0.3)
(1 0.135 0.3)
(0 0.14 0.3)
(1 0.14 0.3)
(0 0.145 0.3)
(1 0.145 0.3)
(0 0.15 0.3)
(1 0.15 0.3)
(0 0.155 0.3)
(1 0.155 0.3)
(0 0.16 0.3)
(1 0.16 0.3)
(0 0.165 0.3)
(1 0.165 0.3)
(0 0.17 0.3)
(1 0.17 0.3)
(0 0.175 0.3)
(1 0.175 0.3)
(0 0.18 0.3)
(1 0.18 0.3)
(0 0.185 0.3)
(1 0.185 0.3)
(0 0.19 0.3)
(1 0.19 0.3)
(0 0.195 0.3)
(1 0.195 0.3)
(0 0.2 0.3)
(1 0.2 0.3)
(0 0.205 0.3)
(1 0.205 0.3)
(0 0.21 0.3)
(1 0.21 0.3)
(0 0.215 0.3)
(1 0.215 0.3)
(0 0.22 0.3)
(1 0.22 0.3)
(0 0.225 0.3)
(1 0.225 0.3)
(0 0.23 0.3)
(1 0.23 0.3)
(0 0.235 0.3)
(1 0.235 0.3)
(0 0.24 0.3)
(1 0.24 0.3)
(0 0.245 0.3)
(1 0.245 0.3)
(0 0.25 0.3)
(1 0.25 0.3)
(0 0.255 0.3)
(1 0.255 0.3)
(0 0.26 0.3)
(1 0.26 0.3)
(0 0.265 0.3)
(1 0.265 0.3)
(0 0.27 0.3)
(1 0.27 0.3)
(0 0.275 0.3)
(1 0.275 0.3)
(0 0.28 0.3)
(1 0.28 0.3)
(0 0.285 0.3)
(1 0.285 0.3)
(0 0.29 0.3)
(1 0.29 0.3)
(0 0.295 0.3)
(1 0.295 0.3)
(0 0.3 0.3)
(1 0.3 0.3)
(0 0.305 0.3)
(1 0.305 0.3)
(0 0.31 0.3)
(1 0.31 0.3)
(0 0.315 0.3)
(1 0.315 0.3)
(0 0.32 0.3)
(1 0.32 0.3)
(0 0.325 0.3)
(1 0.325 0.3)
(0 0.33 0.3)
(1 0.33 0.3)
(0 0.335 0.3)
(1 0.335 0.3)
(0 0.34 0.3)
(1 0.34 0.3)
(0 0.345 0.3)
(1 0.345 0.3)
(0 0.35 0.3)
(1 0.35 0.3)
(0 0.355 0.3)
(1 0.355 0.3)
(0 0.36 0.3)
(1 0.36 0.3)
(0 0 0.3166666667)
(1 0 0.3166666667)
(0 0.005 0.3166666667)
(1 0.005 0.3166666667)
(0 0.01 0.3166666667)
(1 0.01 0.3166666667)
(0 0.015 0.3166666667)
(1 0.015 0.3166666667)
(0 0.02 0.3166666667)
(1 0.02 0.3166666667)
(0 0.025 0.3166666667)
(1 0.025 0.3166666667)
(0 0.03 0.3166666667)
(1 0.03 0.3166666667)
(0 0.035 0.3166666667)
(1 0.035 0.3166666667)
(0 0.04 0.3166666667)
(1 0.04 0.3166666667)
(0 0.045 0.3166666667)
(1 0.045 0.3166666667)
(0 0.05 0.3166666667)
(1 0.05 0.3166666667)
(0 0.055 0.3166666667)
(1 0.055 0.3166666667)
(0 0.06 0.3166666667)
(1 0.06 0.3166666667)
(0 0.065 0.3166666667)
(1 0.065 0.3166666667)
(0 0.07 0.3166666667)
(1 0.07 0.3166666667)
(0 0.075 0.3166666667)
(1 0.075 0.3166666667)
(0 0.08 0.3166666667)
(1 0.08 0.3166666667)
(0 0.085 0.3166666667)
(1 0.085 0.3166666667)
(0 0.09 0.3166666667)
(1 0.09 0.3166666667)
(0 0.095 0.3166666667)
(1 0.095 0.3166666667)
(0 0.1 0.3166666667)
(1 0.1 0.3166666667)
(0 0.105 0.3166666667)
(1 0.105 0.3166666667)
(0 0.11 0.3166666667)
(1 0.11 0.3166666667)
(0 0.115 0.3166666667)
(1 0.115 0.3166666667)
(0 0.12 0.3166666667)
(1 0.12 0.3166666667)
(0 0.125 0.3166666667)
(1 0.125 0.3166666667)
(0 0.13 0.3166666667)
(1 0.13 0.3166666667)
(0 0.135 0.3166666667)
(1 0.135 0.3166666667)
(0 0.14 0.3166666667)
(1 0.14 0.3166666667)
(0 0.145 0.3166666667)
(1 0.145 0.3166666667)
(0 0.15 0.3166666667)
(1 0.15 0.3166666667)
(0 0.155 0.3166666667)
(1 0.155 0.3166666667)
(0 0.16 0.3166666667)
(1 0.16 0.3166666667)
(0 0.165 0.3166666667)
(1 0.165 0.3166666667)
(0 0.17 0.3166666667)
(1 0.17 0.3166666667)
(0 0.175 0.3166666667)
(1 0.175 0.3166666667)
(0 0.18 0.3166666667)
(1 0.18 0.3166666667)
(0 0.185 0.3166666667)
(1 0.185 0.3166666667)
(0 0.19 0.3166666667)
(1 0.19 0.3166666667)
(0 0.195 0.3166666667)
(1 0.195 0.3166666667)
(0 0.2 0.3166666667)
(1 0.2 0.3166666667)
(0 0.205 0.3166666667)
(1 0.205 0.3166666667)
(0 0.21 0.3166666667)
(1 0.21 0.3166666667)
(0 0.215 0.3166666667)
(1 0.215 0.3166666667)
(0 0.22 0.3166666667)
(1 0.22 0.3166666667)
(0 0.225 0.3166666667)
(1 0.225 0.3166666667)
(0 0.23 0.3166666667)
(1 0.23 0.3166666667)
(0 0.235 0.3166666667)
(1 0.235 0.3166666667)
(0 0.24 0.3166666667)
(1 0.24 0.3166666667)
(0 0.245 0.3166666667)
(1 0.245 0.3166666667)
(0 0.25 0.3166666667)
(1 0.25 0.3166666667)
(0 0.255 0.3166666667)
(1 0.255 0.3166666667)
(0 0.26 0.3166666667)
(1 0.26 0.3166666667)
(0 0.265 0.3166666667)
(1 0.265 0.3166666667)
(0 0.27 0.3166666667)
(1 0.27 0.3166666667)
(0 0.275 0.3166666667)
(1 0.275 0.3166666667)
(0 0.28 0.3166666667)
(1 0.28 0.3166666667)
(0 0.285 0.3166666667)
(1 0.285 0.3166666667)
(0 0.29 0.3166666667)
(1 0.29 0.3166666667)
(0 0.295 0.3166666667)
(1 0.295 0.3166666667)
(0 0.3 0.3166666667)
(1 0.3 0.3166666667)
(0 0.305 0.3166666667)
(1 0.305 0.3166666667)
(0 0.31 0.3166666667)
(1 0.31 0.3166666667)
(0 0.315 0.3166666667)
(1 0.315 0.3166666667)
(0 0.32 0.3166666667)
(1 0.32 0.3166666667)
(0 0.325 0.3166666667)
(1 0.325 0.3166666667)
(0 0.33 0.3166666667)
(1 0.33 0.3166666667)
(0 0.335 0.3166666667)
(1 0.335 0.3166666667)
(0 0.34 0.3166666667)
(1 0.34 0.3166666667)
(0 0.345 0.3166666667)
(1 0.345 0.3166666667)
(0 0.35 0.3166666667)
(1 0.35 0.3166666667)
(0 0.355 0.3166666667)
(1 0.355 0.3166666667)
(0 0.36 0.3166666667)
(1 0.36 0.3166666667)
(0 0 0.3333333333)
(1 0 0.3333333333)
(0 0.005 0.3333333333)
(1 0.005 0.3333333333)
(0 0.01 0.3333333333)
(1 0.01 0.3333333333)
(0 0.015 0.3333333333)
(1 0.015 0.3333333333)
(0 0.02 0.3333333333)
(1 0.02 0.3333333333)
(0 0.025 0.3333333333)
(1 0.025 0.3333333333)
(0 0.03 0.3333333333)
(1 0.03 0.3333333333)
(0 0.035 0.3333333333)
(1 0.035 0.3333333333)
(0 0.04 0.3333333333)
(1 0.04 0.3333333333)
(0 0.045 0.3333333333)
(1 0.045 0.3333333333)
(0 0.05 0.3333333333)
(1 0.05 0.3333333333)
(0 0.055 0.3333333333)
(1 0.055 0.3333333333)
(0 0.06 0.3333333333)
(1 0.06 0.3333333333)
(0 0.065 0.3333333333)
(1 0.065 0.3333333333)
(0 0.07 0.3333333333)
(1 0.07 0.3333333333)
(0 0.075 0.3333333333)
(1 0.075 0.3333333333)
(0 0.08 0.3333333333)
(1 0.08 0.3333333333)
(0 0.085 0.3333333333)
(1 0.085 0.3333333333)
(0 0.09 0.3333333333)
(1 0.09 0.3333333333)
(0 0.095 0.3333333333)
(1 0.095 0.3333333333)
(0 0.1 0.3333333333)
(1 0.1 0.3333333333)
(0 0.105 0.3333333333)
(1 0.105 0.3333333333)
(0 0.11 0.3333333333)
(1 0.11 0.3333333333)
(0 0.115 0.3333333333)
(1 0.115 0.3333333333)
(0 0.12 0.3333333333)
(1 0.12 0.3333333333)
(0 0.125 0.3333333333)
(1 0.125 0.3333333333)
(0 0.13 0.3333333333)
(1 0.13 0.3333333333)
(0 0.135 0.3333333333)
(1 0.135 0.3333333333)
(0 0.14 0.3333333333)
(1 0.14 0.3333333333)
(0 0.145 0.3333333333)
(1 0.145 0.3333333333)
(0 0.15 0.3333333333)
(1 0.15 0.3333333333)
(0 0.155 0.3333333333)
(1 0.155 0.3333333333)
(0 0.16 0.3333333333)
(1 0.16 0.3333333333)
(0 0.165 0.3333333333)
(1 0.165 0.3333333333)
(0 0.17 0.3333333333)
(1 0.17 0.3333333333)
(0 0.175 0.3333333333)
(1 0.175 0.3333333333)
(0 0.18 0.3333333333)
(1 0.18 0.3333333333)
(0 0.185 0.3333333333)
(1 0.185 0.3333333333)
(0 0.19 0.3333333333)
(1 0.19 0.3333333333)
(0 0.195 0.3333333333)
(1 0.195 0.3333333333)
(0 0.2 0.3333333333)
(1 0.2 0.3333333333)
(0 0.205 0.3333333333)
(1 0.205 0.3333333333)
(0 0.21 0.3333333333)
(1 0.21 0.3333333333)
(0 0.215 0.3333333333)
(1 0.215 0.3333333333)
(0 0.22 0.3333333333)
(1 0.22 0.3333333333)
(0 0.225 0.3333333333)
(1 0.225 0.3333333333)
(0 0.23 0.3333333333)
(1 0.23 0.3333333333)
(0 0.235 0.3333333333)
(1 0.235 0.3333333333)
(0 0.24 0.3333333333)
(1 0.24 0.3333333333)
(0 0.245 0.3333333333)
(1 0.245 0.3333333333)
(0 0.25 0.3333333333)
(1 0.25 0.3333333333)
(0 0.255 0.3333333333)
(1 0.255 0.3333333333)
(0 0.26 0.3333333333)
(1 0.26 0.3333333333)
(0 0.265 0.3333333333)
(1 0.265 0.3333333333)
(0 0.27 0.3333333333)
(1 0.27 0.3333333333)
(0 0.275 0.3333333333)
(1 0.275 0.3333333333)
(0 0.28 0.3333333333)
(1 0.28 0.3333333333)
(0 0.285 0.3333333333)
(1 0.285 0.3333333333)
(0 0.29 0.3333333333)
(1 0.29 0.3333333333)
(0 0.295 0.3333333333)
(1 0.295 0.3333333333)
(0 0.3 0.3333333333)
(1 0.3 0.3333333333)
(0 0.305 0.3333333333)
(1 0.305 0.3333333333)
(0 0.31 0.3333333333)
(1 0.31 0.3333333333)
(0 0.315 0.3333333333)
(1 0.315 0.3333333333)
(0 0.32 0.3333333333)
(1 0.32 0.3333333333)
(0 0.325 0.3333333333)
(1 0.325 0.3333333333)
(0 0.33 0.3333333333)
(1 0.33 0.3333333333)
(0 0.335 0.3333333333)
(1 0.335 0.3333333333)
(0 0.34 0.3333333333)
(1 0.34 0.3333333333)
(0 0.345 0.3333333333)
(1 0.345 0.3333333333)
(0 0.35 0.3333333333)
(1 0.35 0.3333333333)
(0 0.355 0.3333333333)
(1 0.355 0.3333333333)
(0 0.36 0.3333333333)
(1 0.36 0.3333333333)
(0 0 0.35)
(1 0 0.35)
(0 0.005 0.35)
(1 0.005 0.35)
(0 0.01 0.35)
(1 0.01 0.35)
(0 0.015 0.35)
(1 0.015 0.35)
(0 0.02 0.35)
(1 0.02 0.35)
(0 0.025 0.35)
(1 0.025 0.35)
(0 0.03 0.35)
(1 0.03 0.35)
(0 0.035 0.35)
(1 0.035 0.35)
(0 0.04 0.35)
(1 0.04 0.35)
(0 0.045 0.35)
(1 0.045 0.35)
(0 0.05 0.35)
(1 0.05 0.35)
(0 0.055 0.35)
(1 0.055 0.35)
(0 0.06 0.35)
(1 0.06 0.35)
(0 0.065 0.35)
(1 0.065 0.35)
(0 0.07 0.35)
(1 0.07 0.35)
(0 0.075 0.35)
(1 0.075 0.35)
(0 0.08 0.35)
(1 0.08 0.35)
(0 0.085 0.35)
(1 0.085 0.35)
(0 0.09 0.35)
(1 0.09 0.35)
(0 0.095 0.35)
(1 0.095 0.35)
(0 0.1 0.35)
(1 0.1 0.35)
(0 0.105 0.35)
(1 0.105 0.35)
(0 0.11 0.35)
(1 0.11 0.35)
(0 0.115 0.35)
(1 0.115 0.35)
(0 0.12 0.35)
(1 0.12 0.35)
(0 0.125 0.35)
(1 0.125 0.35)
(0 0.13 0.35)
(1 0.13 0.35)
(0 0.135 0.35)
(1 0.135 0.35)
(0 0.14 0.35)
(1 0.14 0.35)
(0 0.145 0.35)
(1 0.145 0.35)
(0 0.15 0.35)
(1 0.15 0.35)
(0 0.155 0.35)
(1 0.155 0.35)
(0 0.16 0.35)
(1 0.16 0.35)
(0 0.165 0.35)
(1 0.165 0.35)
(0 0.17 0.35)
(1 0.17 0.35)
(0 0.175 0.35)
(1 0.175 0.35)
(0 0.18 0.35)
(1 0.18 0.35)
(0 0.185 0.35)
(1 0.185 0.35)
(0 0.19 0.35)
(1 0.19 0.35)
(0 0.195 0.35)
(1 0.195 0.35)
(0 0.2 0.35)
(1 0.2 0.35)
(0 0.205 0.35)
(1 0.205 0.35)
(0 0.21 0.35)
(1 0.21 0.35)
(0 0.215 0.35)
(1 0.215 0.35)
(0 0.22 0.35)
(1 0.22 0.35)
(0 0.225 0.35)
(1 0.225 0.35)
(0 0.23 0.35)
(1 0.23 0.35)
(0 0.235 0.35)
(1 0.235 0.35)
(0 0.24 0.35)
(1 0.24 0.35)
(0 0.245 0.35)
(1 0.245 0.35)
(0 0.25 0.35)
(1 0.25 0.35)
(0 0.255 0.35)
(1 0.255 0.35)
(0 0.26 0.35)
(1 0.26 0.35)
(0 0.265 0.35)
(1 0.265 0.35)
(0 0.27 0.35)
(1 0.27 0.35)
(0 0.275 0.35)
(1 0.275 0.35)
(0 0.28 0.35)
(1 0.28 0.35)
(0 0.285 0.35)
(1 0.285 0.35)
(0 0.29 0.35)
(1 0.29 0.35)
(0 0.295 0.35)
(1 0.295 0.35)
(0 0.3 0.35)
(1 0.3 0.35)
(0 0.305 0.35)
(1 0.305 0.35)
(0 0.31 0.35)
(1 0.31 0.35)
(0 0.315 0.35)
(1 0.315 0.35)
(0 0.32 0.35)
(1 0.32 0.35)
(0 0.325 0.35)
(1 0.325 0.35)
(0 0.33 0.35)
(1 0.33 0.35)
(0 0.335 0.35)
(1 0.335 0.35)
(0 0.34 0.35)
(1 0.34 0.35)
(0 0.345 0.35)
(1 0.345 0.35)
(0 0.35 0.35)
(1 0.35 0.35)
(0 0.355 0.35)
(1 0.355 0.35)
(0 0.36 0.35)
(1 0.36 0.35)
(0 0 0.3666666667)
(1 0 0.3666666667)
(0 0.005 0.3666666667)
(1 0.005 0.3666666667)
(0 0.01 0.3666666667)
(1 0.01 0.3666666667)
(0 0.015 0.3666666667)
(1 0.015 0.3666666667)
(0 0.02 0.3666666667)
(1 0.02 0.3666666667)
(0 0.025 0.3666666667)
(1 0.025 0.3666666667)
(0 0.03 0.3666666667)
(1 0.03 0.3666666667)
(0 0.035 0.3666666667)
(1 0.035 0.3666666667)
(0 0.04 0.3666666667)
(1 0.04 0.3666666667)
(0 0.045 0.3666666667)
(1 0.045 0.3666666667)
(0 0.05 0.3666666667)
(1 0.05 0.3666666667)
(0 0.055 0.3666666667)
(1 0.055 0.3666666667)
(0 0.06 0.3666666667)
(1 0.06 0.3666666667)
(0 0.065 0.3666666667)
(1 0.065 0.3666666667)
(0 0.07 0.3666666667)
(1 0.07 0.3666666667)
(0 0.075 0.3666666667)
(1 0.075 0.3666666667)
(0 0.08 0.3666666667)
(1 0.08 0.3666666667)
(0 0.085 0.3666666667)
(1 0.085 0.3666666667)
(0 0.09 0.3666666667)
(1 0.09 0.3666666667)
(0 0.095 0.3666666667)
(1 0.095 0.3666666667)
(0 0.1 0.3666666667)
(1 0.1 0.3666666667)
(0 0.105 0.3666666667)
(1 0.105 0.3666666667)
(0 0.11 0.3666666667)
(1 0.11 0.3666666667)
(0 0.115 0.3666666667)
(1 0.115 0.3666666667)
(0 0.12 0.3666666667)
(1 0.12 0.3666666667)
(0 0.125 0.3666666667)
(1 0.125 0.3666666667)
(0 0.13 0.3666666667)
(1 0.13 0.3666666667)
(0 0.135 0.3666666667)
(1 0.135 0.3666666667)
(0 0.14 0.3666666667)
(1 0.14 0.3666666667)
(0 0.145 0.3666666667)
(1 0.145 0.3666666667)
(0 0.15 0.3666666667)
(1 0.15 0.3666666667)
(0 0.155 0.3666666667)
(1 0.155 0.3666666667)
(0 0.16 0.3666666667)
(1 0.16 0.3666666667)
(0 0.165 0.3666666667)
(1 0.165 0.3666666667)
(0 0.17 0.3666666667)
(1 0.17 0.3666666667)
(0 0.175 0.3666666667)
(1 0.175 0.3666666667)
(0 0.18 0.3666666667)
(1 0.18 0.3666666667)
(0 0.185 0.3666666667)
(1 0.185 0.3666666667)
(0 0.19 0.3666666667)
(1 0.19 0.3666666667)
(0 0.195 0.3666666667)
(1 0.195 0.3666666667)
(0 0.2 0.3666666667)
(1 0.2 0.3666666667)
(0 0.205 0.3666666667)
(1 0.205 0.3666666667)
(0 0.21 0.3666666667)
(1 0.21 0.3666666667)
(0 0.215 0.3666666667)
(1 0.215 0.3666666667)
(0 0.22 0.3666666667)
(1 0.22 0.3666666667)
(0 0.225 0.3666666667)
(1 0.225 0.3666666667)
(0 0.23 0.3666666667)
(1 0.23 0.3666666667)
(0 0.235 0.3666666667)
(1 0.235 0.3666666667)
(0 0.24 0.3666666667)
(1 0.24 0.3666666667)
(0 0.245 0.3666666667)
(1 0.245 0.3666666667)
(0 0.25 0.3666666667)
(1 0.25 0.3666666667)
(0 0.255 0.3666666667)
(1 0.255 0.3666666667)
(0 0.26 0.3666666667)
(1 0.26 0.3666666667)
(0 0.265 0.3666666667)
(1 0.265 0.3666666667)
(0 0.27 0.3666666667)
(1 0.27 0.3666666667)
(0 0.275 0.3666666667)
(1 0.275 0.3666666667)
(0 0.28 0.3666666667)
(1 0.28 0.3666666667)
(0 0.285 0.3666666667)
(1 0.285 0.3666666667)
(0 0.29 0.3666666667)
(1 0.29 0.3666666667)
(0 0.295 0.3666666667)
(1 0.295 0.3666666667)
(0 0.3 0.3666666667)
(1 0.3 0.3666666667)
(0 0.305 0.3666666667)
(1 0.305 0.3666666667)
(0 0.31 0.3666666667)
(1 0.31 0.3666666667)
(0 0.315 0.3666666667)
(1 0.315 0.3666666667)
(0 0.32 0.3666666667)
(1 0.32 0.3666666667)
(0 0.325 0.3666666667)
(1 0.325 0.3666666667)
(0 0.33 0.3666666667)
(1 0.33 0.3666666667)
(0 0.335 0.3666666667)
(1 0.335 0.3666666667)
(0 0.34 0.3666666667)
(1 0.34 0.3666666667)
(0 0.345 0.3666666667)
(1 0.345 0.3666666667)
(0 0.35 0.3666666667)
(1 0.35 0.3666666667)
(0 0.355 0.3666666667)
(1 0.355 0.3666666667)
(0 0.36 0.3666666667)
(1 0.36 0.3666666667)
(0 0 0.3833333333)
(1 0 0.3833333333)
(0 0.005 0.3833333333)
(1 0.005 0.3833333333)
(0 0.01 0.3833333333)
(1 0.01 0.3833333333)
(0 0.015 0.3833333333)
(1 0.015 0.3833333333)
(0 0.02 0.3833333333)
(1 0.02 0.3833333333)
(0 0.025 0.3833333333)
(1 0.025 0.3833333333)
(0 0.03 0.3833333333)
(1 0.03 0.3833333333)
(0 0.035 0.3833333333)
(1 0.035 0.3833333333)
(0 0.04 0.3833333333)
(1 0.04 0.3833333333)
(0 0.045 0.3833333333)
(1 0.045 0.3833333333)
(0 0.05 0.3833333333)
(1 0.05 0.3833333333)
(0 0.055 0.3833333333)
(1 0.055 0.3833333333)
(0 0.06 0.3833333333)
(1 0.06 0.3833333333)
(0 0.065 0.3833333333)
(1 0.065 0.3833333333)
(0 0.07 0.3833333333)
(1 0.07 0.3833333333)
(0 0.075 0.3833333333)
(1 0.075 0.3833333333)
(0 0.08 0.3833333333)
(1 0.08 0.3833333333)
(0 0.085 0.3833333333)
(1 0.085 0.3833333333)
(0 0.09 0.3833333333)
(1 0.09 0.3833333333)
(0 0.095 0.3833333333)
(1 0.095 0.3833333333)
(0 0.1 0.3833333333)
(1 0.1 0.3833333333)
(0 0.105 0.3833333333)
(1 0.105 0.3833333333)
(0 0.11 0.3833333333)
(1 0.11 0.3833333333)
(0 0.115 0.3833333333)
(1 0.115 0.3833333333)
(0 0.12 0.3833333333)
(1 0.12 0.3833333333)
(0 0.125 0.3833333333)
(1 0.125 0.3833333333)
(0 0.13 0.3833333333)
(1 0.13 0.3833333333)
(0 0.135 0.3833333333)
(1 0.135 0.3833333333)
(0 0.14 0.3833333333)
(1 0.14 0.3833333333)
(0 0.145 0.3833333333)
(1 0.145 0.3833333333)
(0 0.15 0.3833333333)
(1 0.15 0.3833333333)
(0 0.155 0.3833333333)
(1 0.155 0.3833333333)
(0 0.16 0.3833333333)
(1 0.16 0.3833333333)
(0 0.165 0.3833333333)
(1 0.165 0.3833333333)
(0 0.17 0.3833333333)
(1 0.17 0.3833333333)
(0 0.175 0.3833333333)
(1 0.175 0.3833333333)
(0 0.18 0.3833333333)
(1 0.18 0.3833333333)
(0 0.185 0.3833333333)
(1 0.185 0.3833333333)
(0 0.19 0.3833333333)
(1 0.19 0.3833333333)
(0 0.195 0.3833333333)
(1 0.195 0.3833333333)
(0 0.2 0.3833333333)
(1 0.2 0.3833333333)
(0 0.205 0.3833333333)
(1 0.205 0.3833333333)
(0 0.21 0.3833333333)
(1 0.21 0.3833333333)
(0 0.215 0.3833333333)
(1 0.215 0.3833333333)
(0 0.22 0.3833333333)
(1 0.22 0.3833333333)
(0 0.225 0.3833333333)
(1 0.225 0.3833333333)
(0 0.23 0.3833333333)
(1 0.23 0.3833333333)
(0 0.235 0.3833333333)
(1 0.235 0.3833333333)
(0 0.24 0.3833333333)
(1 0.24 0.3833333333)
(0 0.245 0.3833333333)
(1 0.245 0.3833333333)
(0 0.25 0.3833333333)
(1 0.25 0.3833333333)
(0 0.255 0.3833333333)
(1 0.255 0.3833333333)
(0 0.26 0.3833333333)
(1 0.26 0.3833333333)
(0 0.265 0.3833333333)
(1 0.265 0.3833333333)
(0 0.27 0.3833333333)
(1 0.27 0.3833333333)
(0 0.275 0.3833333333)
(1 0.275 0.3833333333)
(0 0.28 0.3833333333)
(1 0.28 0.3833333333)
(0 0.285 0.3833333333)
(1 0.285 0.3833333333)
(0 0.29 0.3833333333)
(1 0.29 0.3833333333)
(0 0.295 0.3833333333)
(1 0.295 0.3833333333)
(0 0.3 0.3833333333)
(1 0.3 0.3833333333)
(0 0.305 0.3833333333)
(1 0.305 0.3833333333)
(0 0.31 0.3833333333)
(1 0.31 0.3833333333)
(0 0.315 0.3833333333)
(1 0.315 0.3833333333)
(0 0.32 0.3833333333)
(1 0.32 0.3833333333)
(0 0.325 0.3833333333)
(1 0.325 0.3833333333)
(0 0.33 0.3833333333)
(1 0.33 0.3833333333)
(0 0.335 0.3833333333)
(1 0.335 0.3833333333)
(0 0.34 0.3833333333)
(1 0.34 0.3833333333)
(0 0.345 0.3833333333)
(1 0.345 0.3833333333)
(0 0.35 0.3833333333)
(1 0.35 0.3833333333)
(0 0.355 0.3833333333)
(1 0.355 0.3833333333)
(0 0.36 0.3833333333)
(1 0.36 0.3833333333)
(0 0 0.4)
(1 0 0.4)
(0 0.005 0.4)
(1 0.005 0.4)
(0 0.01 0.4)
(1 0.01 0.4)
(0 0.015 0.4)
(1 0.015 0.4)
(0 0.02 0.4)
(1 0.02 0.4)
(0 0.025 0.4)
(1 0.025 0.4)
(0 0.03 0.4)
(1 0.03 0.4)
(0 0.035 0.4)
(1 0.035 0.4)
(0 0.04 0.4)
(1 0.04 0.4)
(0 0.045 0.4)
(1 0.045 0.4)
(0 0.05 0.4)
(1 0.05 0.4)
(0 0.055 0.4)
(1 0.055 0.4)
(0 0.06 0.4)
(1 0.06 0.4)
(0 0.065 0.4)
(1 0.065 0.4)
(0 0.07 0.4)
(1 0.07 0.4)
(0 0.075 0.4)
(1 0.075 0.4)
(0 0.08 0.4)
(1 0.08 0.4)
(0 0.085 0.4)
(1 0.085 0.4)
(0 0.09 0.4)
(1 0.09 0.4)
(0 0.095 0.4)
(1 0.095 0.4)
(0 0.1 0.4)
(1 0.1 0.4)
(0 0.105 0.4)
(1 0.105 0.4)
(0 0.11 0.4)
(1 0.11 0.4)
(0 0.115 0.4)
(1 0.115 0.4)
(0 0.12 0.4)
(1 0.12 0.4)
(0 0.125 0.4)
(1 0.125 0.4)
(0 0.13 0.4)
(1 0.13 0.4)
(0 0.135 0.4)
(1 0.135 0.4)
(0 0.14 0.4)
(1 0.14 0.4)
(0 0.145 0.4)
(1 0.145 0.4)
(0 0.15 0.4)
(1 0.15 0.4)
(0 0.155 0.4)
(1 0.155 0.4)
(0 0.16 0.4)
(1 0.16 0.4)
(0 0.165 0.4)
(1 0.165 0.4)
(0 0.17 0.4)
(1 0.17 0.4)
(0 0.175 0.4)
(1 0.175 0.4)
(0 0.18 0.4)
(1 0.18 0.4)
(0 0.185 0.4)
(1 0.185 0.4)
(0 0.19 0.4)
(1 0.19 0.4)
(0 0.195 0.4)
(1 0.195 0.4)
(0 0.2 0.4)
(1 0.2 0.4)
(0 0.205 0.4)
(1 0.205 0.4)
(0 0.21 0.4)
(1 0.21 0.4)
(0 0.215 0.4)
(1 0.215 0.4)
(0 0.22 0.4)
(1 0.22 0.4)
(0 0.225 0.4)
(1 0.225 0.4)
(0 0.23 0.4)
(1 0.23 0.4)
(0 0.235 0.4)
(1 0.235 0.4)
(0 0.24 0.4)
(1 0.24 0.4)
(0 0.245 0.4)
(1 0.245 0.4)
(0 0.25 0.4)
(1 0.25 0.4)
(0 0.255 0.4)
(1 0.255 0.4)
(0 0.26 0.4)
(1 0.26 0.4)
(0 0.265 0.4)
(1 0.265 0.4)
(0 0.27 0.4)
(1 0.27 0.4)
(0 0.275 0.4)
(1 0.275 0.4)
(0 0.28 0.4)
(1 0.28 0.4)
(0 0.285 0.4)
(1 0.285 0.4)
(0 0.29 0.4)
(1 0.29 0.4)
(0 0.295 0.4)
(1 0.295 0.4)
(0 0.3 0.4)
(1 0.3 0.4)
(0 0.305 0.4)
(1 0.305 0.4)
(0 0.31 0.4)
(1 0.31 0.4)
(0 0.315 0.4)
(1 0.315 0.4)
(0 0.32 0.4)
(1 0.32 0.4)
(0 0.325 0.4)
(1 0.325 0.4)
(0 0.33 0.4)
(1 0.33 0.4)
(0 0.335 0.4)
(1 0.335 0.4)
(0 0.34 0.4)
(1 0.34 0.4)
(0 0.345 0.4)
(1 0.345 0.4)
(0 0.35 0.4)
(1 0.35 0.4)
(0 0.355 0.4)
(1 0.355 0.4)
(0 0.36 0.4)
(1 0.36 0.4)
(0 0 0.4166666667)
(1 0 0.4166666667)
(0 0.005 0.4166666667)
(1 0.005 0.4166666667)
(0 0.01 0.4166666667)
(1 0.01 0.4166666667)
(0 0.015 0.4166666667)
(1 0.015 0.4166666667)
(0 0.02 0.4166666667)
(1 0.02 0.4166666667)
(0 0.025 0.4166666667)
(1 0.025 0.4166666667)
(0 0.03 0.4166666667)
(1 0.03 0.4166666667)
(0 0.035 0.4166666667)
(1 0.035 0.4166666667)
(0 0.04 0.4166666667)
(1 0.04 0.4166666667)
(0 0.045 0.4166666667)
(1 0.045 0.4166666667)
(0 0.05 0.4166666667)
(1 0.05 0.4166666667)
(0 0.055 0.4166666667)
(1 0.055 0.4166666667)
(0 0.06 0.4166666667)
(1 0.06 0.4166666667)
(0 0.065 0.4166666667)
(1 0.065 0.4166666667)
(0 0.07 0.4166666667)
(1 0.07 0.4166666667)
(0 0.075 0.4166666667)
(1 0.075 0.4166666667)
(0 0.08 0.4166666667)
(1 0.08 0.4166666667)
(0 0.085 0.4166666667)
(1 0.085 0.4166666667)
(0 0.09 0.4166666667)
(1 0.09 0.4166666667)
(0 0.095 0.4166666667)
(1 0.095 0.4166666667)
(0 0.1 0.4166666667)
(1 0.1 0.4166666667)
(0 0.105 0.4166666667)
(1 0.105 0.4166666667)
(0 0.11 0.4166666667)
(1 0.11 0.4166666667)
(0 0.115 0.4166666667)
(1 0.115 0.4166666667)
(0 0.12 0.4166666667)
(1 0.12 0.4166666667)
(0 0.125 0.4166666667)
(1 0.125 0.4166666667)
(0 0.13 0.4166666667)
(1 0.13 0.4166666667)
(0 0.135 0.4166666667)
(1 0.135 0.4166666667)
(0 0.14 0.4166666667)
(1 0.14 0.4166666667)
(0 0.145 0.4166666667)
(1 0.145 0.4166666667)
(0 0.15 0.4166666667)
(1 0.15 0.4166666667)
(0 0.155 0.4166666667)
(1 0.155 0.4166666667)
(0 0.16 0.4166666667)
(1 0.16 0.4166666667)
(0 0.165 0.4166666667)
(1 0.165 0.4166666667)
(0 0.17 0.4166666667)
(1 0.17 0.4166666667)
(0 0.175 0.4166666667)
(1 0.175 0.4166666667)
(0 0.18 0.4166666667)
(1 0.18 0.4166666667)
(0 0.185 0.4166666667)
(1 0.185 0.4166666667)
(0 0.19 0.4166666667)
(1 0.19 0.4166666667)
(0 0.195 0.4166666667)
(1 0.195 0.4166666667)
(0 0.2 0.4166666667)
(1 0.2 0.4166666667)
(0 0.205 0.4166666667)
(1 0.205 0.4166666667)
(0 0.21 0.4166666667)
(1 0.21 0.4166666667)
(0 0.215 0.4166666667)
(1 0.215 0.4166666667)
(0 0.22 0.4166666667)
(1 0.22 0.4166666667)
(0 0.225 0.4166666667)
(1 0.225 0.4166666667)
(0 0.23 0.4166666667)
(1 0.23 0.4166666667)
(0 0.235 0.4166666667)
(1 0.235 0.4166666667)
(0 0.24 0.4166666667)
(1 0.24 0.4166666667)
(0 0.245 0.4166666667)
(1 0.245 0.4166666667)
(0 0.25 0.4166666667)
(1 0.25 0.4166666667)
(0 0.255 0.4166666667)
(1 0.255 0.4166666667)
(0 0.26 0.4166666667)
(1 0.26 0.4166666667)
(0 0.265 0.4166666667)
(1 0.265 0.4166666667)
(0 0.27 0.4166666667)
(1 0.27 0.4166666667)
(0 0.275 0.4166666667)
(1 0.275 0.4166666667)
(0 0.28 0.4166666667)
(1 0.28 0.4166666667)
(0 0.285 0.4166666667)
(1 0.285 0.4166666667)
(0 0.29 0.4166666667)
(1 0.29 0.4166666667)
(0 0.295 0.4166666667)
(1 0.295 0.4166666667)
(0 0.3 0.4166666667)
(1 0.3 0.4166666667)
(0 0.305 0.4166666667)
(1 0.305 0.4166666667)
(0 0.31 0.4166666667)
(1 0.31 0.4166666667)
(0 0.315 0.4166666667)
(1 0.315 0.4166666667)
(0 0.32 0.4166666667)
(1 0.32 0.4166666667)
(0 0.325 0.4166666667)
(1 0.325 0.4166666667)
(0 0.33 0.4166666667)
(1 0.33 0.4166666667)
(0 0.335 0.4166666667)
(1 0.335 0.4166666667)
(0 0.34 0.4166666667)
(1 0.34 0.4166666667)
(0 0.345 0.4166666667)
(1 0.345 0.4166666667)
(0 0.35 0.4166666667)
(1 0.35 0.4166666667)
(0 0.355 0.4166666667)
(1 0.355 0.4166666667)
(0 0.36 0.4166666667)
(1 0.36 0.4166666667)
(0 0 0.4333333333)
(1 0 0.4333333333)
(0 0.005 0.4333333333)
(1 0.005 0.4333333333)
(0 0.01 0.4333333333)
(1 0.01 0.4333333333)
(0 0.015 0.4333333333)
(1 0.015 0.4333333333)
(0 0.02 0.4333333333)
(1 0.02 0.4333333333)
(0 0.025 0.4333333333)
(1 0.025 0.4333333333)
(0 0.03 0.4333333333)
(1 0.03 0.4333333333)
(0 0.035 0.4333333333)
(1 0.035 0.4333333333)
(0 0.04 0.4333333333)
(1 0.04 0.4333333333)
(0 0.045 0.4333333333)
(1 0.045 0.4333333333)
(0 0.05 0.4333333333)
(1 0.05 0.4333333333)
(0 0.055 0.4333333333)
(1 0.055 0.4333333333)
(0 0.06 0.4333333333)
(1 0.06 0.4333333333)
(0 0.065 0.4333333333)
(1 0.065 0.4333333333)
(0 0.07 0.4333333333)
(1 0.07 0.4333333333)
(0 0.075 0.4333333333)
(1 0.075 0.4333333333)
(0 0.08 0.4333333333)
(1 0.08 0.4333333333)
(0 0.085 0.4333333333)
(1 0.085 0.4333333333)
(0 0.09 0.4333333333)
(1 0.09 0.4333333333)
(0 0.095 0.4333333333)
(1 0.095 0.4333333333)
(0 0.1 0.4333333333)
(1 0.1 0.4333333333)
(0 0.105 0.4333333333)
(1 0.105 0.4333333333)
(0 0.11 0.4333333333)
(1 0.11 0.4333333333)
(0 0.115 0.4333333333)
(1 0.115 0.4333333333)
(0 0.12 0.4333333333)
(1 0.12 0.4333333333)
(0 0.125 0.4333333333)
(1 0.125 0.4333333333)
(0 0.13 0.4333333333)
(1 0.13 0.4333333333)
(0 0.135 0.4333333333)
(1 0.135 0.4333333333)
(0 0.14 0.4333333333)
(1 0.14 0.4333333333)
(0 0.145 0.4333333333)
(1 0.145 0.4333333333)
(0 0.15 0.4333333333)
(1 0.15 0.4333333333)
(0 0.155 0.4333333333)
(1 0.155 0.4333333333)
(0 0.16 0.4333333333)
(1 0.16 0.4333333333)
(0 0.165 0.4333333333)
(1 0.165 0.4333333333)
(0 0.17 0.4333333333)
(1 0.17 0.4333333333)
(0 0.175 0.4333333333)
(1 0.175 0.4333333333)
(0 0.18 0.4333333333)
(1 0.18 0.4333333333)
(0 0.185 0.4333333333)
(1 0.185 0.4333333333)
(0 0.19 0.4333333333)
(1 0.19 0.4333333333)
(0 0.195 0.4333333333)
(1 0.195 0.4333333333)
(0 0.2 0.4333333333)
(1 0.2 0.4333333333)
(0 0.205 0.4333333333)
(1 0.205 0.4333333333)
(0 0.21 0.4333333333)
(1 0.21 0.4333333333)
(0 0.215 0.4333333333)
(1 0.215 0.4333333333)
(0 0.22 0.4333333333)
(1 0.22 0.4333333333)
(0 0.225 0.4333333333)
(1 0.225 0.4333333333)
(0 0.23 0.4333333333)
(1 0.23 0.4333333333)
(0 0.235 0.4333333333)
(1 0.235 0.4333333333)
(0 0.24 0.4333333333)
(1 0.24 0.4333333333)
(0 0.245 0.4333333333)
(1 0.245 0.4333333333)
(0 0.25 0.4333333333)
(1 0.25 0.4333333333)
(0 0.255 0.4333333333)
(1 0.255 0.4333333333)
(0 0.26 0.4333333333)
(1 0.26 0.4333333333)
(0 0.265 0.4333333333)
(1 0.265 0.4333333333)
(0 0.27 0.4333333333)
(1 0.27 0.4333333333)
(0 0.275 0.4333333333)
(1 0.275 0.4333333333)
(0 0.28 0.4333333333)
(1 0.28 0.4333333333)
(0 0.285 0.4333333333)
(1 0.285 0.4333333333)
(0 0.29 0.4333333333)
(1 0.29 0.4333333333)
(0 0.295 0.4333333333)
(1 0.295 0.4333333333)
(0 0.3 0.4333333333)
(1 0.3 0.4333333333)
(0 0.305 0.4333333333)
(1 0.305 0.4333333333)
(0 0.31 0.4333333333)
(1 0.31 0.4333333333)
(0 0.315 0.4333333333)
(1 0.315 0.4333333333)
(0 0.32 0.4333333333)
(1 0.32 0.4333333333)
(0 0.325 0.4333333333)
(1 0.325 0.4333333333)
(0 0.33 0.4333333333)
(1 0.33 0.4333333333)
(0 0.335 0.4333333333)
(1 0.335 0.4333333333)
(0 0.34 0.4333333333)
(1 0.34 0.4333333333)
(0 0.345 0.4333333333)
(1 0.345 0.4333333333)
(0 0.35 0.4333333333)
(1 0.35 0.4333333333)
(0 0.355 0.4333333333)
(1 0.355 0.4333333333)
(0 0.36 0.4333333333)
(1 0.36 0.4333333333)
(0 0 0.45)
(1 0 0.45)
(0 0.005 0.45)
(1 0.005 0.45)
(0 0.01 0.45)
(1 0.01 0.45)
(0 0.015 0.45)
(1 0.015 0.45)
(0 0.02 0.45)
(1 0.02 0.45)
(0 0.025 0.45)
(1 0.025 0.45)
(0 0.03 0.45)
(1 0.03 0.45)
(0 0.035 0.45)
(1 0.035 0.45)
(0 0.04 0.45)
(1 0.04 0.45)
(0 0.045 0.45)
(1 0.045 0.45)
(0 0.05 0.45)
(1 0.05 0.45)
(0 0.055 0.45)
(1 0.055 0.45)
(0 0.06 0.45)
(1 0.06 0.45)
(0 0.065 0.45)
(1 0.065 0.45)
(0 0.07 0.45)
(1 0.07 0.45)
(0 0.075 0.45)
(1 0.075 0.45)
(0 0.08 0.45)
(1 0.08 0.45)
(0 0.085 0.45)
(1 0.085 0.45)
(0 0.09 0.45)
(1 0.09 0.45)
(0 0.095 0.45)
(1 0.095 0.45)
(0 0.1 0.45)
(1 0.1 0.45)
(0 0.105 0.45)
(1 0.105 0.45)
(0 0.11 0.45)
(1 0.11 0.45)
(0 0.115 0.45)
(1 0.115 0.45)
(0 0.12 0.45)
(1 0.12 0.45)
(0 0.125 0.45)
(1 0.125 0.45)
(0 0.13 0.45)
(1 0.13 0.45)
(0 0.135 0.45)
(1 0.135 0.45)
(0 0.14 0.45)
(1 0.14 0.45)
(0 0.145 0.45)
(1 0.145 0.45)
(0 0.15 0.45)
(1 0.15 0.45)
(0 0.155 0.45)
(1 0.155 0.45)
(0 0.16 0.45)
(1 0.16 0.45)
(0 0.165 0.45)
(1 0.165 0.45)
(0 0.17 0.45)
(1 0.17 0.45)
(0 0.175 0.45)
(1 0.175 0.45)
(0 0.18 0.45)
(1 0.18 0.45)
(0 0.185 0.45)
(1 0.185 0.45)
(0 0.19 0.45)
(1 0.19 0.45)
(0 0.195 0.45)
(1 0.195 0.45)
(0 0.2 0.45)
(1 0.2 0.45)
(0 0.205 0.45)
(1 0.205 0.45)
(0 0.21 0.45)
(1 0.21 0.45)
(0 0.215 0.45)
(1 0.215 0.45)
(0 0.22 0.45)
(1 0.22 0.45)
(0 0.225 0.45)
(1 0.225 0.45)
(0 0.23 0.45)
(1 0.23 0.45)
(0 0.235 0.45)
(1 0.235 0.45)
(0 0.24 0.45)
(1 0.24 0.45)
(0 0.245 0.45)
(1 0.245 0.45)
(0 0.25 0.45)
(1 0.25 0.45)
(0 0.255 0.45)
(1 0.255 0.45)
(0 0.26 0.45)
(1 0.26 0.45)
(0 0.265 0.45)
(1 0.265 0.45)
(0 0.27 0.45)
(1 0.27 0.45)
(0 0.275 0.45)
(1 0.275 0.45)
(0 0.28 0.45)
(1 0.28 0.45)
(0 0.285 0.45)
(1 0.285 0.45)
(0 0.29 0.45)
(1 0.29 0.45)
(0 0.295 0.45)
(1 0.295 0.45)
(0 0.3 0.45)
(1 0.3 0.45)
(0 0.305 0.45)
(1 0.305 0.45)
(0 0.31 0.45)
(1 0.31 0.45)
(0 0.315 0.45)
(1 0.315 0.45)
(0 0.32 0.45)
(1 0.32 0.45)
(0 0.325 0.45)
(1 0.325 0.45)
(0 0.33 0.45)
(1 0.33 0.45)
(0 0.335 0.45)
(1 0.335 0.45)
(0 0.34 0.45)
(1 0.34 0.45)
(0 0.345 0.45)
(1 0.345 0.45)
(0 0.35 0.45)
(1 0.35 0.45)
(0 0.355 0.45)
(1 0.355 0.45)
(0 0.36 0.45)
(1 0.36 0.45)
(0 0 0.4666666667)
(1 0 0.4666666667)
(0 0.005 0.4666666667)
(1 0.005 0.4666666667)
(0 0.01 0.4666666667)
(1 0.01 0.4666666667)
(0 0.015 0.4666666667)
(1 0.015 0.4666666667)
(0 0.02 0.4666666667)
(1 0.02 0.4666666667)
(0 0.025 0.4666666667)
(1 0.025 0.4666666667)
(0 0.03 0.4666666667)
(1 0.03 0.4666666667)
(0 0.035 0.4666666667)
(1 0.035 0.4666666667)
(0 0.04 0.4666666667)
(1 0.04 0.4666666667)
(0 0.045 0.4666666667)
(1 0.045 0.4666666667)
(0 0.05 0.4666666667)
(1 0.05 0.4666666667)
(0 0.055 0.4666666667)
(1 0.055 0.4666666667)
(0 0.06 0.4666666667)
(1 0.06 0.4666666667)
(0 0.065 0.4666666667)
(1 0.065 0.4666666667)
(0 0.07 0.4666666667)
(1 0.07 0.4666666667)
(0 0.075 0.4666666667)
(1 0.075 0.4666666667)
(0 0.08 0.4666666667)
(1 0.08 0.4666666667)
(0 0.085 0.4666666667)
(1 0.085 0.4666666667)
(0 0.09 0.4666666667)
(1 0.09 0.4666666667)
(0 0.095 0.4666666667)
(1 0.095 0.4666666667)
(0 0.1 0.4666666667)
(1 0.1 0.4666666667)
(0 0.105 0.4666666667)
(1 0.105 0.4666666667)
(0 0.11 0.4666666667)
(1 0.11 0.4666666667)
(0 0.115 0.4666666667)
(1 0.115 0.4666666667)
(0 0.12 0.4666666667)
(1 0.12 0.4666666667)
(0 0.125 0.4666666667)
(1 0.125 0.4666666667)
(0 0.13 0.4666666667)
(1 0.13 0.4666666667)
(0 0.135 0.4666666667)
(1 0.135 0.4666666667)
(0 0.14 0.4666666667)
(1 0.14 0.4666666667)
(0 0.145 0.4666666667)
(1 0.145 0.4666666667)
(0 0.15 0.4666666667)
(1 0.15 0.4666666667)
(0 0.155 0.4666666667)
(1 0.155 0.4666666667)
(0 0.16 0.4666666667)
(1 0.16 0.4666666667)
(0 0.165 0.4666666667)
(1 0.165 0.4666666667)
(0 0.17 0.4666666667)
(1 0.17 0.4666666667)
(0 0.175 0.4666666667)
(1 0.175 0.4666666667)
(0 0.18 0.4666666667)
(1 0.18 0.4666666667)
(0 0.185 0.4666666667)
(1 0.185 0.4666666667)
(0 0.19 0.4666666667)
(1 0.19 0.4666666667)
(0 0.195 0.4666666667)
(1 0.195 0.4666666667)
(0 0.2 0.4666666667)
(1 0.2 0.4666666667)
(0 0.205 0.4666666667)
(1 0.205 0.4666666667)
(0 0.21 0.4666666667)
(1 0.21 0.4666666667)
(0 0.215 0.4666666667)
(1 0.215 0.4666666667)
(0 0.22 0.4666666667)
(1 0.22 0.4666666667)
(0 0.225 0.4666666667)
(1 0.225 0.4666666667)
(0 0.23 0.4666666667)
(1 0.23 0.4666666667)
(0 0.235 0.4666666667)
(1 0.235 0.4666666667)
(0 0.24 0.4666666667)
(1 0.24 0.4666666667)
(0 0.245 0.4666666667)
(1 0.245 0.4666666667)
(0 0.25 0.4666666667)
(1 0.25 0.4666666667)
(0 0.255 0.4666666667)
(1 0.255 0.4666666667)
(0 0.26 0.4666666667)
(1 0.26 0.4666666667)
(0 0.265 0.4666666667)
(1 0.265 0.4666666667)
(0 0.27 0.4666666667)
(1 0.27 0.4666666667)
(0 0.275 0.4666666667)
(1 0.275 0.4666666667)
(0 0.28 0.4666666667)
(1 0.28 0.4666666667)
(0 0.285 0.4666666667)
(1 0.285 0.4666666667)
(0 0.29 0.4666666667)
(1 0.29 0.4666666667)
(0 0.295 0.4666666667)
(1 0.295 0.4666666667)
(0 0.3 0.4666666667)
(1 0.3 0.4666666667)
(0 0.305 0.4666666667)
(1 0.305 0.4666666667)
(0 0.31 0.4666666667)
(1 0.31 0.4666666667)
(0 0.315 0.4666666667)
(1 0.315 0.4666666667)
(0 0.32 0.4666666667)
(1 0.32 0.4666666667)
(0 0.325 0.4666666667)
(1 0.325 0.4666666667)
(0 0.33 0.4666666667)
(1 0.33 0.4666666667)
(0 0.335 0.4666666667)
(1 0.335 0.4666666667)
(0 0.34 0.4666666667)
(1 0.34 0.4666666667)
(0 0.345 0.4666666667)
(1 0.345 0.4666666667)
(0 0.35 0.4666666667)
(1 0.35 0.4666666667)
(0 0.355 0.4666666667)
(1 0.355 0.4666666667)
(0 0.36 0.4666666667)
(1 0.36 0.4666666667)
(0 0 0.4833333333)
(1 0 0.4833333333)
(0 0.005 0.4833333333)
(1 0.005 0.4833333333)
(0 0.01 0.4833333333)
(1 0.01 0.4833333333)
(0 0.015 0.4833333333)
(1 0.015 0.4833333333)
(0 0.02 0.4833333333)
(1 0.02 0.4833333333)
(0 0.025 0.4833333333)
(1 0.025 0.4833333333)
(0 0.03 0.4833333333)
(1 0.03 0.4833333333)
(0 0.035 0.4833333333)
(1 0.035 0.4833333333)
(0 0.04 0.4833333333)
(1 0.04 0.4833333333)
(0 0.045 0.4833333333)
(1 0.045 0.4833333333)
(0 0.05 0.4833333333)
(1 0.05 0.4833333333)
(0 0.055 0.4833333333)
(1 0.055 0.4833333333)
(0 0.06 0.4833333333)
(1 0.06 0.4833333333)
(0 0.065 0.4833333333)
(1 0.065 0.4833333333)
(0 0.07 0.4833333333)
(1 0.07 0.4833333333)
(0 0.075 0.4833333333)
(1 0.075 0.4833333333)
(0 0.08 0.4833333333)
(1 0.08 0.4833333333)
(0 0.085 0.4833333333)
(1 0.085 0.4833333333)
(0 0.09 0.4833333333)
(1 0.09 0.4833333333)
(0 0.095 0.4833333333)
(1 0.095 0.4833333333)
(0 0.1 0.4833333333)
(1 0.1 0.4833333333)
(0 0.105 0.4833333333)
(1 0.105 0.4833333333)
(0 0.11 0.4833333333)
(1 0.11 0.4833333333)
(0 0.115 0.4833333333)
(1 0.115 0.4833333333)
(0 0.12 0.4833333333)
(1 0.12 0.4833333333)
(0 0.125 0.4833333333)
(1 0.125 0.4833333333)
(0 0.13 0.4833333333)
(1 0.13 0.4833333333)
(0 0.135 0.4833333333)
(1 0.135 0.4833333333)
(0 0.14 0.4833333333)
(1 0.14 0.4833333333)
(0 0.145 0.4833333333)
(1 0.145 0.4833333333)
(0 0.15 0.4833333333)
(1 0.15 0.4833333333)
(0 0.155 0.4833333333)
(1 0.155 0.4833333333)
(0 0.16 0.4833333333)
(1 0.16 0.4833333333)
(0 0.165 0.4833333333)
(1 0.165 0.4833333333)
(0 0.17 0.4833333333)
(1 0.17 0.4833333333)
(0 0.175 0.4833333333)
(1 0.175 0.4833333333)
(0 0.18 0.4833333333)
(1 0.18 0.4833333333)
(0 0.185 0.4833333333)
(1 0.185 0.4833333333)
(0 0.19 0.4833333333)
(1 0.19 0.4833333333)
(0 0.195 0.4833333333)
(1 0.195 0.4833333333)
(0 0.2 0.4833333333)
(1 0.2 0.4833333333)
(0 0.205 0.4833333333)
(1 0.205 0.4833333333)
(0 0.21 0.4833333333)
(1 0.21 0.4833333333)
(0 0.215 0.4833333333)
(1 0.215 0.4833333333)
(0 0.22 0.4833333333)
(1 0.22 0.4833333333)
(0 0.225 0.4833333333)
(1 0.225 0.4833333333)
(0 0.23 0.4833333333)
(1 0.23 0.4833333333)
(0 0.235 0.4833333333)
(1 0.235 0.4833333333)
(0 0.24 0.4833333333)
(1 0.24 0.4833333333)
(0 0.245 0.4833333333)
(1 0.245 0.4833333333)
(0 0.25 0.4833333333)
(1 0.25 0.4833333333)
(0 0.255 0.4833333333)
(1 0.255 0.4833333333)
(0 0.26 0.4833333333)
(1 0.26 0.4833333333)
(0 0.265 0.4833333333)
(1 0.265 0.4833333333)
(0 0.27 0.4833333333)
(1 0.27 0.4833333333)
(0 0.275 0.4833333333)
(1 0.275 0.4833333333)
(0 0.28 0.4833333333)
(1 0.28 0.4833333333)
(0 0.285 0.4833333333)
(1 0.285 0.4833333333)
(0 0.29 0.4833333333)
(1 0.29 0.4833333333)
(0 0.295 0.4833333333)
(1 0.295 0.4833333333)
(0 0.3 0.4833333333)
(1 0.3 0.4833333333)
(0 0.305 0.4833333333)
(1 0.305 0.4833333333)
(0 0.31 0.4833333333)
(1 0.31 0.4833333333)
(0 0.315 0.4833333333)
(1 0.315 0.4833333333)
(0 0.32 0.4833333333)
(1 0.32 0.4833333333)
(0 0.325 0.4833333333)
(1 0.325 0.4833333333)
(0 0.33 0.4833333333)
(1 0.33 0.4833333333)
(0 0.335 0.4833333333)
(1 0.335 0.4833333333)
(0 0.34 0.4833333333)
(1 0.34 0.4833333333)
(0 0.345 0.4833333333)
(1 0.345 0.4833333333)
(0 0.35 0.4833333333)
(1 0.35 0.4833333333)
(0 0.355 0.4833333333)
(1 0.355 0.4833333333)
(0 0.36 0.4833333333)
(1 0.36 0.4833333333)
(0 0 0.5)
(1 0 0.5)
(0 0.005 0.5)
(1 0.005 0.5)
(0 0.01 0.5)
(1 0.01 0.5)
(0 0.015 0.5)
(1 0.015 0.5)
(0 0.02 0.5)
(1 0.02 0.5)
(0 0.025 0.5)
(1 0.025 0.5)
(0 0.03 0.5)
(1 0.03 0.5)
(0 0.035 0.5)
(1 0.035 0.5)
(0 0.04 0.5)
(1 0.04 0.5)
(0 0.045 0.5)
(1 0.045 0.5)
(0 0.05 0.5)
(1 0.05 0.5)
(0 0.055 0.5)
(1 0.055 0.5)
(0 0.06 0.5)
(1 0.06 0.5)
(0 0.065 0.5)
(1 0.065 0.5)
(0 0.07 0.5)
(1 0.07 0.5)
(0 0.075 0.5)
(1 0.075 0.5)
(0 0.08 0.5)
(1 0.08 0.5)
(0 0.085 0.5)
(1 0.085 0.5)
(0 0.09 0.5)
(1 0.09 0.5)
(0 0.095 0.5)
(1 0.095 0.5)
(0 0.1 0.5)
(1 0.1 0.5)
(0 0.105 0.5)
(1 0.105 0.5)
(0 0.11 0.5)
(1 0.11 0.5)
(0 0.115 0.5)
(1 0.115 0.5)
(0 0.12 0.5)
(1 0.12 0.5)
(0 0.125 0.5)
(1 0.125 0.5)
(0 0.13 0.5)
(1 0.13 0.5)
(0 0.135 0.5)
(1 0.135 0.5)
(0 0.14 0.5)
(1 0.14 0.5)
(0 0.145 0.5)
(1 0.145 0.5)
(0 0.15 0.5)
(1 0.15 0.5)
(0 0.155 0.5)
(1 0.155 0.5)
(0 0.16 0.5)
(1 0.16 0.5)
(0 0.165 0.5)
(1 0.165 0.5)
(0 0.17 0.5)
(1 0.17 0.5)
(0 0.175 0.5)
(1 0.175 0.5)
(0 0.18 0.5)
(1 0.18 0.5)
(0 0.185 0.5)
(1 0.185 0.5)
(0 0.19 0.5)
(1 0.19 0.5)
(0 0.195 0.5)
(1 0.195 0.5)
(0 0.2 0.5)
(1 0.2 0.5)
(0 0.205 0.5)
(1 0.205 0.5)
(0 0.21 0.5)
(1 0.21 0.5)
(0 0.215 0.5)
(1 0.215 0.5)
(0 0.22 0.5)
(1 0.22 0.5)
(0 0.225 0.5)
(1 0.225 0.5)
(0 0.23 0.5)
(1 0.23 0.5)
(0 0.235 0.5)
(1 0.235 0.5)
(0 0.24 0.5)
(1 0.24 0.5)
(0 0.245 0.5)
(1 0.245 0.5)
(0 0.25 0.5)
(1 0.25 0.5)
(0 0.255 0.5)
(1 0.255 0.5)
(0 0.26 0.5)
(1 0.26 0.5)
(0 0.265 0.5)
(1 0.265 0.5)
(0 0.27 0.5)
(1 0.27 0.5)
(0 0.275 0.5)
(1 0.275 0.5)
(0 0.28 0.5)
(1 0.28 0.5)
(0 0.285 0.5)
(1 0.285 0.5)
(0 0.29 0.5)
(1 0.29 0.5)
(0 0.295 0.5)
(1 0.295 0.5)
(0 0.3 0.5)
(1 0.3 0.5)
(0 0.305 0.5)
(1 0.305 0.5)
(0 0.31 0.5)
(1 0.31 0.5)
(0 0.315 0.5)
(1 0.315 0.5)
(0 0.32 0.5)
(1 0.32 0.5)
(0 0.325 0.5)
(1 0.325 0.5)
(0 0.33 0.5)
(1 0.33 0.5)
(0 0.335 0.5)
(1 0.335 0.5)
(0 0.34 0.5)
(1 0.34 0.5)
(0 0.345 0.5)
(1 0.345 0.5)
(0 0.35 0.5)
(1 0.35 0.5)
(0 0.355 0.5)
(1 0.355 0.5)
(0 0.36 0.5)
(1 0.36 0.5)
)


// ************************************************************************* //
